"Timestamp", "close", "high", "low", "open", "volume"
1462368621,690.3600,690.5700,690.2000,690.3600,59700
1462368671,690.9200,691.3100,690.7700,691.0300,4400
1462368721,691.9200,692.0000,691.0050,691.2900,10800
1462368780,692.0000,692.2725,691.2200,692.2150,8800
1462368876,691.8100,691.8100,691.6029,691.7808,900
1462368902,691.5500,692.2200,691.4800,691.9200,10300
1462368960,691.9200,692.0800,691.5800,691.9900,9800
1462369026,692.0000,692.0700,691.1300,691.7700,12600
1462369139,692.0000,692.3100,691.5900,692.3100,23900
1462369140,691.6700,692.2200,691.4000,691.8600,12900
1462369200,692.1500,692.2300,691.0500,691.5300,5700
1462369265,691.5800,692.2100,691.5650,692.2100,5200
1462369321,691.4400,691.4400,690.6600,691.4300,6900
1462369437,690.5562,691.3550,690.3700,691.1100,4000
1462369440,690.4825,690.6150,690.0000,690.6150,9200
1462369501,690.3264,690.5800,690.0620,690.2800,3400
1462369560,689.8800,690.5679,689.8800,690.5679,5800
1462369622,689.3300,689.8728,689.1000,689.8200,5400
1462369682,690.2623,690.2623,689.3400,689.3500,5300
1462369743,690.4900,690.4900,689.9300,690.1550,5500
1462369805,691.3100,691.4457,689.7100,690.2600,10000
1462369861,691.0400,691.8300,691.0400,691.4600,6200
1462369926,691.7300,692.0800,691.2120,691.2800,6900
1462369995,692.0300,692.3300,691.8200,691.8200,4900
1462370044,692.1050,692.5200,691.8430,692.0100,8100
1462370103,692.5260,692.6900,691.8100,692.4960,9000
1462370160,692.9800,693.0000,692.2350,692.3900,7800
1462370231,693.1700,693.8500,692.8760,692.9800,6000
1462370281,693.4500,693.7987,693.0600,693.3500,3900
1462370356,693.4200,693.4500,692.9700,693.4400,1400
1462370400,693.0000,693.9400,692.7600,693.2350,8100
1462370468,693.4325,693.6700,693.0200,693.3900,3200
1462370523,694.0400,694.0400,692.8750,693.3708,13000
1462370590,694.4600,694.4600,694.0100,694.1900,2500
1462370640,694.6150,695.0000,694.2600,694.5000,15100
1462370702,694.7388,694.9468,694.2800,694.9468,6400
1462370762,694.2100,694.8000,694.2100,694.5600,5500
1462370824,693.6200,694.4893,693.6200,694.4893,7400
1462370906,693.4600,693.8000,693.4600,693.7000,2300
1462370942,693.5000,693.7350,693.4200,693.5100,5400
1462371004,694.1800,694.4300,693.6700,693.7100,8600
1462371074,694.4500,694.8300,694.1550,694.1650,8900
1462371126,693.8600,694.6000,693.8600,694.5400,2900
1462371189,693.9700,694.0100,693.7600,693.8100,2800
1462371251,694.2000,694.3300,694.1500,694.1500,3000
1462371310,694.7900,694.7900,694.3282,694.3282,900
1462371360,694.9500,694.9500,694.5950,694.5950,6500
1462371429,694.7650,694.9800,694.6000,694.9000,5100
1462371482,694.5400,694.7500,694.2720,694.7000,3500
1462371546,694.7700,694.7700,694.1100,694.6550,9700
1462371607,694.5300,694.9100,694.3400,694.7100,5200
1462371664,694.9400,694.9400,694.5400,694.5400,1700
1462371735,695.1100,695.2600,694.6300,694.8694,6100
1462371830,695.1885,695.4200,694.9500,694.9500,5600
1462371845,695.3550,695.5000,694.9000,694.9000,5100
1462371901,694.9650,695.1700,694.5800,695.1030,4600
1462371971,694.7900,695.1000,694.7300,694.7500,6000
1462372022,694.9500,695.1300,694.7500,694.7900,3000
1462372116,694.7500,694.9300,694.7500,694.9300,1600
1462372146,695.0900,695.0900,694.7500,694.7500,4600
1462372200,694.9600,694.9600,694.5426,694.9400,7600
1462372304,695.4900,695.4900,695.1400,695.1400,2700
1462372348,695.6500,695.7200,695.4400,695.5500,3800
1462372437,696.0560,696.4600,695.6500,695.6500,13600
1462372442,696.3800,696.3800,695.9362,695.9362,1800
1462372500,696.7450,696.9300,696.1400,696.2450,6300
1462372561,697.1650,697.4600,696.6600,696.7350,12300
1462372620,697.0500,697.4500,696.8900,697.1700,5000
1462372688,696.8400,697.3000,696.5150,697.0400,4800
1462372750,696.7800,696.7800,695.9312,696.7100,3000
1462372859,696.3725,696.7790,696.2200,696.7790,2500
1462372866,696.2200,696.4050,695.9100,696.2400,2200
1462372925,696.0500,696.3000,695.6700,696.1100,4200
1462372990,696.1850,696.4700,695.5600,695.8050,4700
1462373046,696.2400,696.5600,696.1400,696.1900,3800
1462373109,696.0400,696.4500,695.9900,696.2738,2900
1462373172,696.8200,696.8200,696.1600,696.1600,1500
1462373229,696.7700,696.8400,696.3700,696.4700,3300
1462373298,696.7300,696.7300,696.5100,696.5100,1300
1462373340,696.3200,696.9400,696.3200,696.5601,6200
1462373415,696.3900,696.7000,696.3900,696.6600,2500
1462373463,696.0900,696.2100,695.9900,696.0000,1400
1462373530,696.4600,696.4600,696.0300,696.3300,4700
1462373582,696.4050,696.8100,696.1300,696.1550,13800
1462373640,697.1000,697.1200,696.4600,696.6000,5900
1462373718,697.1750,697.2900,696.8800,697.1100,4500
1462373763,697.3700,697.4600,696.9800,697.0400,5400
1462373823,697.8100,697.8100,696.9801,697.4225,4700
1462373881,697.2800,697.9000,697.2800,697.9000,4200
1462373943,697.9700,697.9700,697.3200,697.3200,5700
1462374016,697.6000,697.8850,697.3735,697.6000,4200
1462374064,697.1400,698.0000,697.1400,697.7400,7400
1462374136,697.4850,697.6400,697.4100,697.4100,2200
1462374192,697.6400,697.8010,697.3600,697.4900,1800
1462374272,698.0675,698.1000,697.7200,697.7400,2500
1462374300,698.7650,698.8600,698.0300,698.3000,8700
1462374362,698.9500,699.3900,698.7500,698.7500,4800
1462374421,698.9399,699.2060,698.7300,698.9500,4200
1462374501,698.3692,698.9643,698.3692,698.8800,2700
1462374563,698.2100,698.3200,698.1700,698.2700,2000
1462374600,697.9550,698.2800,697.6900,698.1700,2100
1462374678,698.0000,698.1800,698.0000,698.0450,1600
1462374764,697.9300,697.9300,697.6950,697.9150,1000
1462374838,698.1200,698.4800,697.9600,698.1400,3800
1462374841,698.1943,698.5600,698.0200,698.3550,2200
1462374956,697.7300,698.5100,697.7300,698.2850,2800
1462374967,696.9999,697.4400,696.3356,697.4400,17300
1462375021,696.7400,697.0500,696.4000,696.7426,10800
1462375084,696.8000,697.0700,696.8000,696.8572,1200
1462375155,697.3365,697.3365,697.0400,697.0400,1700
1462375200,697.4300,697.5400,697.2150,697.2150,5500
1462375266,696.9500,697.3700,696.9500,697.2700,2200
1462375342,697.0900,697.1400,697.0600,697.0600,1000
1462375425,697.1300,697.1400,696.9950,697.0100,1400
1462375449,697.2100,697.3250,696.9000,696.9000,2700
1462375507,697.2000,697.2100,697.0200,697.1700,3300
1462375573,697.4000,697.4000,696.8400,696.9200,2200
1462375625,696.8800,697.0000,696.8800,697.0000,2000
1462375681,695.9900,696.8500,695.9900,696.7200,3300
1462375741,696.7200,696.7200,695.9000,695.9000,7400
1462375828,696.0900,696.4100,696.0800,696.2701,3700
1462375863,696.2500,696.2500,695.8100,695.8100,4500
1462375977,696.2891,696.2891,696.2891,696.2891,100
1462375980,696.3800,696.3800,696.3800,696.3800,200
1462376045,696.5260,696.5260,696.2350,696.2350,900
1462376101,697.1726,697.5300,696.6200,696.6200,4800
1462376162,697.3400,697.5400,697.0000,697.2000,5900
1462376249,697.0100,697.1200,696.7800,697.1200,3000
1462376285,697.2100,697.3000,696.9400,697.2320,8000
1462376348,697.1200,697.1745,696.9400,697.1700,3200
1462376408,696.8000,697.2000,696.7950,697.1000,1800
1462376463,697.0200,697.0400,696.9000,697.0000,1800
1462376534,696.9900,696.9900,696.9900,696.9900,1700
1462376598,697.3499,697.3499,697.3499,697.3499,100
1462376641,697.0129,697.1800,696.9500,697.0900,3500
1462376702,697.0000,697.1700,696.9900,697.1700,1700
1462376766,697.5000,697.7400,697.1900,697.1900,2000
1462376821,697.1600,697.7399,697.1100,697.7399,1800
1462376891,697.2000,697.4600,697.1701,697.3000,3700
1462376940,697.5400,697.5400,697.0792,697.2100,2200
1462377004,697.3400,697.4900,697.3300,697.3840,1700
1462377068,697.5200,697.5437,697.4400,697.5437,1800
1462377192,697.5600,697.6800,697.0400,697.2200,2200
1462377240,697.4100,697.6000,697.4100,697.4400,1600
1462377307,697.5000,697.5000,697.3600,697.3900,2400
1462377370,697.2301,697.5004,697.2301,697.5004,600
1462377450,697.5900,697.6000,697.3600,697.5000,3000
1462377500,697.4500,697.7200,697.4100,697.6000,2400
1462377542,697.4450,697.7400,697.4450,697.4900,2000
1462377605,697.6800,698.0000,697.6800,698.0000,7200
1462377672,698.1700,698.1975,697.7700,697.8403,2400
1462377731,698.0500,698.0500,698.0500,698.0500,1300
1462377790,698.2000,698.2000,698.0550,698.0600,3200
1462377846,698.0000,698.1977,698.0000,698.0800,1600
1462377916,699.0500,699.2100,698.0600,698.0600,20400
1462377968,699.1800,699.2100,699.0053,699.0500,2500
1462378026,699.2500,699.3600,698.9400,698.9900,3000
1462378082,698.9800,699.3699,698.9800,699.0100,1200
1462378146,699.1550,699.1883,698.9100,699.1883,1800
1462378203,699.3300,699.3300,698.7650,698.7650,1600
1462378271,699.3750,699.3750,699.3000,699.3000,1100
1462378343,699.1300,699.3000,699.1300,699.2200,1900
1462378381,699.2500,699.3300,699.2120,699.2120,1700
1462378441,699.5500,699.6900,699.3800,699.4700,5400
1462378557,699.3480,699.7500,699.2400,699.6400,6200
1462378560,699.1400,699.2000,699.1100,699.1488,2200
1462378692,699.4200,699.5000,699.0500,699.0600,2400
1462378752,699.4189,699.5000,699.2600,699.2900,2300
1462378858,699.5250,699.5250,699.3000,699.5000,2400
1462378860,699.4200,699.5400,699.2000,699.4450,4300
1462378921,699.2300,699.6300,699.1600,699.3600,3300
1462378994,699.2298,699.4200,699.1300,699.4100,1800
1462379044,699.3500,699.3500,699.2900,699.2900,1600
1462379125,699.4400,699.5500,699.1900,699.1900,2500
1462379193,699.1550,699.1600,699.1100,699.1600,3300
1462379220,698.6750,699.4590,698.6750,699.0000,11800
1462379282,698.0000,699.0650,698.0000,698.8100,31800
1462379344,697.6000,698.0200,697.4710,698.0100,7500
1462379403,697.5578,697.8026,697.4200,697.8026,2100
1462379462,697.4450,697.6600,697.3500,697.5200,1600
1462379553,696.5700,697.4496,696.5700,697.4496,4000
1462379587,697.0625,697.0625,696.5247,696.8235,6800
1462379645,696.5000,696.9300,696.5000,696.9300,3400
1462379719,696.5800,696.7399,696.5708,696.7380,3600
1462379766,696.2000,696.4200,696.1500,696.4200,1400
1462379834,695.8500,696.2000,695.8000,696.2000,5800
1462379886,695.7100,695.8200,695.7000,695.7400,2200
1462379957,696.3000,696.3000,695.4000,695.7500,6000
1462380033,695.4900,695.7500,695.4900,695.7500,1000
1462380068,695.5700,695.5700,695.5500,695.5500,400
1462380166,695.8900,695.8900,695.6273,695.6273,500
1462380225,695.9400,695.9900,695.6030,695.6714,3700
1462380298,695.9900,695.9900,695.9400,695.9900,1300
1462380300,696.4000,696.4000,695.9500,695.9500,1800
1462380415,696.5500,696.6600,696.5000,696.5000,1300
1462380430,696.2300,696.4900,696.2300,696.4500,1200
1462380490,696.0500,696.0800,695.9500,696.0000,1800
1462380553,696.0000,696.2200,696.0000,696.2200,1000
1462380657,696.0000,696.0500,695.9200,696.0000,2300
1462380661,696.0500,696.1000,695.8150,696.0000,3900
1462380728,696.4650,696.4650,696.1800,696.1800,800
1462380833,696.9100,696.9100,696.4300,696.4300,1000
1462380842,696.8700,696.8700,696.7535,696.7535,400
1462380921,697.1200,697.1900,696.5800,696.5800,5100
1462380965,697.3400,697.4400,697.0000,697.0000,5200
1462381031,697.4200,697.4200,696.6546,697.0300,2800
1462381082,697.1500,697.4400,697.1500,697.4100,1800
1462381182,696.8300,697.0000,696.8300,697.0000,1500
1462381222,696.2700,696.5000,696.2700,696.5000,1100
1462381260,696.8000,696.8000,696.5100,696.5100,1600
1462381421,696.9800,696.9800,696.8000,696.8900,900
1462381478,696.9900,697.2880,696.7500,697.1211,1600
1462381538,697.0400,697.0400,696.8100,696.8100,400
1462381569,696.8800,697.1600,696.8800,696.9650,2400
1462381630,697.2000,697.2500,696.7300,696.7400,3300
1462381698,697.0300,697.1700,696.9150,696.9700,2600
1462381741,696.6200,697.2000,696.6200,697.0350,2500
1462381831,696.0200,696.0200,695.8700,696.0000,3800
1462381879,696.4300,696.5200,696.1000,696.2889,2100
1462381924,696.3600,696.3600,696.0900,696.1740,2200
1462381984,695.8200,696.3800,695.8200,696.3800,4700
1462382065,696.2500,696.2500,696.2500,696.2500,300
1462382127,696.3700,696.6100,696.2000,696.2000,3000
1462382164,696.5100,696.6000,696.4700,696.6000,2100
1462382335,697.0146,697.0146,696.9000,696.9000,1600
1462382343,696.9000,697.1200,696.8500,697.0000,4400
1462382406,696.8800,697.2000,696.8700,696.9200,3500
1462382471,696.6500,697.0000,696.6500,697.0000,2100
1462382609,696.6100,696.6100,696.3340,696.3520,2200
1462382676,696.5600,696.5600,696.5600,696.5600,300
1462382722,696.5000,696.5400,696.4316,696.5400,1500
1462382788,696.5651,696.5651,696.5651,696.5651,200
1462382823,696.5339,696.7400,696.5339,696.7400,300
1462382889,697.1500,697.1800,696.7300,696.7300,2600
1462382948,697.0000,697.1760,697.0000,697.1760,600
1462383006,697.2000,697.2500,697.0850,697.1905,2300
1462383080,697.1650,697.3000,697.1463,697.3000,1000
1462383125,697.1400,697.2900,697.1400,697.2900,1600
1462383191,697.2600,697.2600,697.2600,697.2600,400
1462383241,697.2650,697.3500,697.0800,697.1000,2600
1462383307,696.8600,697.3400,696.6600,697.3400,2500
1462383364,697.3200,697.3200,696.9500,697.1200,800
1462383493,696.4800,696.9200,696.3800,696.9000,2000
1462383546,696.4600,696.5000,696.3300,696.3300,1100
1462383601,696.4500,696.6400,696.1200,696.4200,1100
1462383665,696.7000,696.7200,696.3400,696.5643,18200
1462383785,696.4900,697.0000,696.4900,696.7300,2700
1462383840,696.6600,696.8600,696.4900,696.7600,1100
1462383900,696.4000,696.6300,696.0700,696.4300,2200
1462383989,697.0000,697.2000,696.0000,696.1600,5200
1462384020,696.6400,696.7300,696.3370,696.7300,900
1462384134,696.3900,696.3900,696.1500,696.1500,600
1462384173,696.7100,696.7100,696.5000,696.5000,1300
1462384211,697.1500,697.1600,696.7700,696.7700,1600
1462384316,696.8300,696.8400,696.7700,696.8400,1500
1462384320,697.4100,697.4100,697.0000,697.1700,3200
1462384386,697.5900,697.7300,697.3000,697.3000,3500
1462384452,697.4100,697.4100,697.1900,697.2000,900
1462384525,697.2300,697.4203,697.2100,697.4203,1600
1462384572,697.1177,697.1900,697.0800,697.1900,1400
1462384621,696.3900,696.5900,696.3900,696.5900,600
1462384685,696.5600,696.5932,696.3400,696.5900,3200
1462384742,696.1867,696.5500,696.0500,696.5500,2100
1462384804,695.6300,696.2900,695.6300,696.2900,2300
1462384863,695.6350,695.7400,695.4500,695.5900,1900
1462384922,695.7600,695.7600,695.4000,695.6000,1100
1462384981,695.4200,695.6550,695.1300,695.5500,3600
1462385049,695.4600,695.4600,695.4600,695.4600,200
1462385102,695.3100,695.4900,695.2000,695.4900,2200
1462385170,694.7307,695.0725,694.7100,695.0700,6100
1462385221,694.8000,694.9600,694.6998,694.7800,3400
1462385310,694.7500,694.8350,694.7400,694.8350,800
1462385344,694.9400,695.0000,694.7900,694.7900,2300
1462385404,695.0650,695.2400,694.8608,694.9980,2400
1462385501,694.5400,694.9575,694.5400,694.9575,3600
1462385522,694.9700,694.9700,694.4500,694.4500,2400
1462385603,695.0500,695.0500,695.0500,695.0500,300
1462385643,695.7000,695.7000,695.0700,695.0700,3800
1462385702,695.6800,695.6800,695.2950,695.5000,4100
1462385760,696.0700,696.0800,695.6800,695.6800,2600
1462385832,696.4100,696.4100,696.0000,696.0000,2900
1462385908,696.2800,696.2800,695.7600,696.1700,2300
1462385998,695.8575,695.8575,695.7501,695.7501,400
1462386003,695.7301,696.0000,695.7301,696.0000,800
1462386089,695.6500,695.7400,695.5000,695.7300,800
1462386120,695.3401,695.6400,695.3401,695.4500,2900
1462386193,696.1300,696.1300,695.5200,695.6900,1500
1462386246,696.0900,696.0900,695.7600,696.0800,1800
1462386304,697.1600,697.2000,696.1000,696.1000,7600
1462386369,697.6900,697.6900,696.9800,697.1600,3600
1462386479,697.2900,697.7830,697.2900,697.5600,4600
1462386484,697.7900,697.8500,697.5700,697.5700,900
1462386541,697.6465,697.9600,697.5000,697.5000,2100
1462386600,697.7050,697.8600,697.5300,697.7050,6700
1462386664,697.4500,697.9000,697.4500,697.7050,4800
1462386720,697.5500,697.5900,697.4500,697.4500,2300
1462386782,697.3500,697.4400,697.2700,697.4000,3500
1462386851,697.5400,697.5500,697.3100,697.5000,1600
1462386912,698.3700,698.4200,697.6400,697.8500,8200
1462387018,697.8900,698.3000,697.8900,698.1200,2400
1462387020,697.9450,698.1200,697.7801,698.0100,2700
1462387123,698.0000,698.3100,697.9250,698.1600,4700
1462387148,698.2200,698.2875,698.0000,698.0000,1100
1462387201,698.2299,698.5800,698.2200,698.5000,5100
1462387270,697.9600,698.2000,697.5100,698.2000,4100
1462387392,697.2475,697.7800,697.0000,697.4500,4000
1462387440,696.6900,697.0500,696.6900,697.0000,1800
1462387500,697.0499,697.0499,696.6900,696.6900,3200
1462387567,697.2900,697.2900,696.7400,697.1500,2700
1462387656,697.2500,697.2500,697.2500,697.2500,600
1462387723,697.5300,697.7300,697.2450,697.5600,1600
1462387745,697.2900,697.5200,697.2900,697.5200,1200
1462387803,697.8200,698.0000,697.6200,697.7700,3500
1462387863,697.6850,697.9400,697.6850,697.8700,2100
1462387922,697.3500,697.5896,697.1100,697.5896,2200
1462388003,697.9900,697.9900,697.3600,697.3600,2100
1462388052,697.8700,698.0699,697.8700,698.0699,1000
1462388102,697.4247,697.7600,697.4247,697.6700,1500
1462388216,697.8600,697.8600,697.8500,697.8500,1300
1462388224,697.9400,698.0400,697.5850,697.8600,3700
1462388304,697.9900,698.0800,697.5801,698.0000,7500
1462388355,698.0000,698.1000,698.0000,698.0900,2000
1462388448,697.8000,698.0600,697.8000,697.8600,5500
1462388460,697.5800,697.8800,697.5200,697.7840,6300
1462388521,697.5400,697.7500,697.5300,697.7025,800
1462388580,696.6300,697.6700,696.6200,697.5300,4500
1462388682,697.0100,697.0100,696.8800,696.8800,1000
1462388706,697.0000,697.2500,697.0000,697.2500,2200
1462388806,696.5174,696.5174,696.4000,696.4000,500
1462388822,696.6500,696.9400,696.6500,696.7200,3600
1462388892,696.6600,696.6600,696.6600,696.6600,200
1462388988,696.7100,696.7100,696.7100,696.7100,300
1462389014,696.7199,696.7199,696.3000,696.5400,2500
1462389062,696.4900,696.6900,696.3500,696.3500,1000
1462389138,696.5550,696.6900,696.5550,696.6800,1800
1462389188,696.8700,696.8700,696.8000,696.8000,800
1462389250,697.1700,697.3405,696.8464,696.8850,3100
1462389333,697.7040,697.7300,697.4200,697.5000,4800
1462389375,697.3400,697.4000,697.3400,697.4000,1200
1462389421,697.0275,697.0275,696.8500,696.9200,1500
1462389549,696.7800,696.9700,696.7400,696.9300,1200
1462389635,696.9300,697.0800,696.7840,696.7840,1000
1462389715,697.4000,697.4900,696.8800,696.9925,3600
1462389779,697.2200,697.6600,697.1300,697.6600,2400
1462389784,697.5600,697.5600,697.1650,697.2800,3000
1462389845,697.3500,697.7900,697.3500,697.5600,5000
1462389902,697.6200,697.6200,697.5800,697.6200,1200
1462389967,697.3200,697.6000,697.3200,697.3700,2800
1462390141,696.6800,697.1700,696.6646,697.1700,1300
1462390201,696.6800,696.8053,696.6800,696.8053,1600
1462390338,696.6500,696.7600,696.6500,696.7600,900
1462390380,696.7300,696.8100,696.4000,696.8100,4700
1462390463,696.5850,696.7300,696.3900,696.5600,3000
1462390507,697.1100,697.4942,696.6400,696.6400,6000
1462390576,697.0000,697.1275,696.9400,696.9600,2100
1462390628,696.9100,697.0300,696.6800,697.0300,4500
1462390680,696.9400,697.0200,696.8400,697.0000,2900
1462390753,697.2800,697.2800,696.9900,696.9900,1000
1462390801,697.2400,697.2400,697.0000,697.0100,3400
1462390864,697.5100,697.7200,697.5000,697.5700,4200
1462390942,697.5500,697.6700,697.2125,697.5100,4300
1462390981,697.3600,697.6000,697.3500,697.6000,3800
1462391053,697.2775,697.2800,697.2000,697.2500,1100
1462391108,697.3400,697.7200,697.3400,697.4700,5700
1462391172,697.3750,697.5200,697.3750,697.5200,900
1462391221,697.6800,697.9800,697.6100,697.6400,1300
1462391285,697.9500,698.0600,697.7000,697.9000,7200
1462391369,697.9200,697.9200,697.6500,697.6500,600
1462391400,697.1300,697.6400,697.1300,697.6400,7000
1462391519,696.9325,697.3000,696.9300,697.1000,6200
1462391520,696.9000,696.9500,696.8800,696.9350,2900
1462391581,697.0900,697.3200,696.9500,696.9500,5300
1462391655,696.9900,697.1500,696.7600,697.0500,3200
1462391701,696.6699,696.9450,696.5000,696.8000,10300
1462391760,696.2800,696.6700,696.2450,696.6700,7600
1462391822,696.3250,696.4600,696.2000,696.3100,10700
1462391881,696.1400,696.2100,696.0100,696.2000,10800
1462391940,695.7000,696.1699,695.5500,696.1000,45200
1462392000,695.7000,695.7000,695.7000,695.7000,123900