"Date", "Close", "High", "Low", "Open", "Volume"
0, 689, 689, 688.34, 688.92, 22365
1, 689.55, 689.55, 685.61, 688.88, 69409
2, 685.9599, 689.64, 684.46, 688.81, 60438
3, 686.45, 686.85, 683.1, 685.18, 50873
4, 686.1539, 686.89, 684.66, 686.35, 44510
5, 683.78, 686.15, 683.3362, 686.05, 27282
6, 682.505, 684.04, 682, 683.76, 41865
7, 685.25, 685.25, 681.15, 682.51, 64560
8, 683.52, 685.2523, 682.52, 685.2523, 27738
9, 682.98, 683.9, 681.78, 683.9, 22260
10, 682.15, 683.53, 681.53, 682.87, 25943
11, 681.09, 682.87, 680.78, 682.1401, 24789
12, 681.8899, 682.36, 680.9, 681.64, 42738
13, 683.6, 683.6, 681.57, 681.88, 20545
14, 684.975, 685, 683.27, 683.27, 32120
15, 685.38, 686.6699, 685, 685, 42975
16, 686.83, 687.65, 685.45, 685.7, 31740
17, 685, 687.6, 684.715, 687.55, 27921
18, 684.425, 685.6399, 684.1099, 685, 18900
19, 683.8, 684.5, 682.3, 684.43, 13157
20, 685.3309, 685.48, 683.32, 684.11, 18293
21, 685.04, 685.85, 684.92, 685.18, 20080
22, 689.1, 689.43, 685.0201, 685.37, 34526
23, 687.93, 689.089, 686.72, 689, 15609
24, 688.05, 689.08, 687.55, 687.83, 18483
25, 688.25, 688.74, 687.62, 688.55, 13088
26, 688.406, 689.04, 688, 688.4, 16247
27, 691, 691.58, 688.9001, 689, 26779
28, 693.96, 694.0548, 689.5, 690.44, 26062
29, 695.35, 695.8, 694.23, 694.248, 37407
30, 696.85, 697.74, 694.71, 694.87, 26650
31, 696.25, 697.96, 695, 696.9068, 22630
32, 695.53, 697.1089, 695.16, 696.36, 22679
33, 694.1001, 695.3, 693.93, 695.08, 15773
34, 698.47, 698.5, 694.41, 694.6606, 27239
35, 699.38, 699.38, 697.805, 698.54, 35521
36, 699, 699.36, 698.12, 699.0101, 20508
37, 699.49, 699.88, 698.5, 698.95, 26875
38, 698.07, 699.75, 697.73, 699.65, 37121
39, 699.56, 700, 698.02, 698.04, 113244
144, 700.01, 700.01, 700, 700.01, 28340
145, 697.47, 702.94, 695, 700.21, 100102
146, 693.98, 698, 692.46, 697.7163, 70450
147, 692.3915, 695.45, 692.01, 693.64, 49712
148, 692.97, 694.01, 690.585, 692.39, 46050
149, 696.566, 697.2, 691.85, 692.868, 32308
150, 697.7, 697.8, 694.9, 696.56, 21694
151, 696.75, 697.67, 695.9001, 697.67, 14500
152, 698.585, 699.56, 696.3, 696.6569, 26937
153, 696.51, 699.43, 696.51, 698.59, 15250
154, 696.97, 697, 694.75, 696.059, 26983
155, 696.2, 697.2999, 694.93, 696.5112, 13106
156, 698.49, 698.71, 696.58, 696.71, 10732
157, 697.93, 699, 697.18, 698.52, 15654
158, 696.795, 698.58, 695.98, 698.14, 10900
159, 698.76, 699.5363, 696.9, 697.22, 13850
160, 698.55, 699.2, 698.12, 698.36, 25458
161, 698.83, 699.98, 698.3201, 698.55, 19046
162, 699.48, 699.53, 698.08, 698.77, 11991
163, 697.6, 699.25, 697.01, 699.25, 15527
164, 698.55, 698.85, 697.54, 697.6999, 18125
165, 699.065, 699.6199, 698.3122, 698.49, 19646
166, 701.4, 702.65, 699.22, 699.41, 32210
167, 701.51, 702.2199, 700.5925, 701.89, 16179
168, 701.85, 702.59, 701.3609, 701.61, 17790
169, 703.3, 703.75, 702, 702.22, 27730
170, 703.21, 704.6, 702.97, 703.83, 26260
171, 703.26, 703.93, 701.824, 703.3, 23890
172, 702.2084, 703.49, 702.02, 703.45, 11240
173, 703.37, 703.4, 702.11, 702.2, 8698
174, 702.71, 703.6, 701.65, 703.32, 18499
175, 702.61, 702.89, 701.4, 702.82, 11692
176, 700.61, 702.61, 700.42, 702.61, 17139
177, 702.49, 702.92, 699.998, 700.79, 22611
178, 703.44, 703.9499, 701.65, 702.34, 19249
179, 702.9, 704.05, 702.46, 703.226, 18039
180, 702.44, 703.55, 702.44, 702.83, 9146
181, 703.58, 703.97, 702.095, 702.9, 17812
182, 704, 704.79, 703.43, 703.8, 54170
183, 705.75, 705.98, 703.38, 703.94, 163053
288, 709, 709, 708.52, 708.58, 25445
289, 709.5, 711.2, 707.27, 708.76, 99828
290, 710.72, 711.25, 709, 709.99, 75458
291, 712.14, 713.43, 710.3, 710.6575, 104625
292, 711.232, 712.69, 711.23, 712, 79758
293, 708.18, 711.51, 708.07, 711.22, 66821
294, 707.96, 709.28, 706, 708.45, 59827
295, 710.82, 711.43, 707.63, 707.855, 35804
296, 711.41, 711.9, 709.95, 711.0557, 35054
297, 710.32, 711.6, 709.1115, 711.6, 16763
298, 708.8, 710.7, 708.8, 710.7, 22541
299, 708.48, 708.82, 707.42, 708.52, 20091
300, 708.18, 708.89, 707.715, 708.24, 33638
301, 706.695, 708.39, 706.24, 708.18, 62345
302, 707.1, 708.13, 706.3, 706.77, 18637
303, 706.0599, 707.32, 705.52, 707.09, 19853
304, 704.24, 705.6817, 702.01, 705.6817, 72308
305, 704.695, 705.14, 703.76, 704.04, 42838
306, 704.06, 705.1, 703.75, 704.67, 22131
307, 703.78, 705.16, 703.28, 704.31, 23961
308, 703.63, 703.84, 702.885, 703.84, 28256
309, 705.2, 706.08, 703.1225, 703.625, 24168
310, 705.0101, 706.5299, 704.57, 705.24, 17348
311, 704.64, 705.73, 704.1, 705.0938, 17230
312, 704.29, 704.88, 704.1686, 704.3535, 7787
313, 704.4, 705.73, 703.76, 704.56, 19097
314, 703.2174, 704.93, 702.7963, 704.62, 21218
315, 702.55, 703.155, 701.68, 703.155, 18735
316, 702.5, 703.95, 702.3, 702.7883, 31149
317, 701.2123, 702.6599, 701.2123, 702.45, 42906
318, 703.75, 704.17, 701.01, 701.18, 15971
319, 702.045, 704.17, 701.91, 703.95, 14226
320, 703.88, 704.21, 700.86, 701.89, 33693
321, 702.64, 703.9, 701.91, 703.6, 12697
322, 704.22, 704.68, 702.675, 703.02, 26878
323, 705.02, 705.02, 703.6001, 704.4, 28329
324, 703.71, 705.0599, 703.15, 705, 20834
325, 704.68, 705.5268, 703.74, 703.74, 25649
326, 705.575, 705.9, 704.6, 704.99, 60292
327, 705.07, 705.84, 704.16, 705.6875, 181006
720, 700.65, 700.65, 700.3, 700.32, 35095
721, 704.5, 705.4941, 700, 700.55, 69040
722, 705.89, 706.035, 703.65, 704.07, 65949
723, 707.32, 708.59, 706.0559, 706.0559, 34573
724, 705.8, 707.2, 704.68, 707.18, 25690
725, 707.18, 708.07, 705.7601, 706.49, 40098
726, 708.6, 709, 707.238, 707.238, 29470
727, 707.2864, 709.24, 707.1, 708.67, 19787
728, 707.018, 707.685, 706.29, 707.26, 20265
729, 705.1645, 707.08, 705.1645, 706.51, 16905
730, 704.58, 706.45, 704.11, 705.62, 42715
731, 705.79, 705.93, 703.4606, 704.61, 23199
732, 705.3456, 706.9, 704.95, 705.47, 26793
733, 707.9338, 708.05, 705.16, 705.17, 16604
734, 708, 708.75, 707.0841, 707.95, 15680
735, 708.835, 708.99, 707.8546, 708.01, 17805
736, 707.9498, 708.59, 707.35, 708.57, 19186
737, 708.0287, 708.84, 707.0911, 708.17, 15346
738, 707.99, 708.485, 707.29, 708.3, 18772
739, 709.01, 709.6971, 707.7, 708, 39294
740, 709.94, 709.98, 709.003, 709.36, 23207
741, 710.64, 710.64, 709.2, 709.585, 26646
742, 710.26, 710.89, 709.5, 710.64, 19555
743, 708.58, 710.57, 708.53, 710.5022, 17675
744, 707.44, 709.22, 707.44, 708.6299, 12712
745, 706.74, 707.32, 706.55, 707, 18317
746, 707.322, 707.55, 705.98, 706.68, 16234
747, 706.6231, 707.8625, 706.2608, 707.646, 20414
748, 705.52, 707.31, 705.5, 706.7, 29071
749, 704.75, 705.71, 704.4, 705.3693, 22297
750, 703.44, 704.978, 703.19, 704.8, 24697
751, 702.94, 704.16, 702.6, 703.65, 19739
752, 702.35, 702.595, 701.22, 702.53, 24305
753, 701.355, 703.86, 701.32, 702.39, 34604
754, 699.7389, 701.655, 699.18, 701.36, 47107
755, 698.95, 699.98, 698.32, 699.71, 31474
756, 700, 700.61, 698.54, 698.6, 36579
757, 701.6, 701.79, 699.706, 700.13, 37674
758, 700.425, 702.57, 700.06, 701.64, 44365
759, 697.77, 700.21, 697.68, 700.21, 356920
864, 702.47, 703.62, 702.47, 703.62, 15968
865, 700.45, 705, 699.77, 702.61, 111122
866, 702.375, 704.89, 699.775, 700.32, 65963
867, 704.974, 705.6, 702.06, 702.22, 39594
868, 707.514, 708, 704.72, 704.72, 47768
869, 707.76, 708.9, 705.94, 707.72, 37429
870, 710.79, 711.95, 707.64, 708.28, 68176
871, 712, 712.95, 710.69, 711.165, 42544
872, 712.81, 713.0959, 711.57, 712.22, 40255
873, 711.51, 713.33, 711.11, 712.78, 41630
874, 712.36, 712.55, 711.055, 711.055, 19196
875, 712.02, 712.72, 711.5, 712.13, 27237
876, 712.185, 713.01, 711.72, 711.95, 17013
877, 714.5933, 714.71, 712.0001, 712.17, 24141
878, 714.98, 715.0961, 714.3, 714.6491, 34243
879, 716, 716, 714.475, 715.02, 30102
880, 717.02, 717.6384, 715.59, 715.99, 30889
881, 716.21, 717.3, 716.04, 716.7, 32309
882, 716.52, 716.526, 715.5466, 716.01, 16771
883, 714.3556, 716.47, 714.3556, 716.32, 16653
884, 714.7599, 715.86, 714.04, 714.5, 17416
885, 714.62, 714.9583, 714.01, 714.76, 8072
886, 713.98, 714.66, 713.425, 714.37, 13005
887, 713.37, 714.41, 713.1, 713.94, 12393
888, 713.75, 714.04, 713, 713.34, 14450
889, 714.42, 714.43, 713.5, 713.56, 9844
890, 714.99, 715.435, 714.14, 714.405, 23722
891, 715, 715.05, 714.05, 715, 42149
892, 716.0099, 716.3499, 714.58, 714.97, 33352
893, 716.21, 716.63, 715.44, 715.81, 34126
894, 715.49, 716.18, 714.88, 715.97, 20571
895, 715.725, 716.29, 715.34, 715.64, 11240
896, 716.44, 717.23, 715.86, 716.12, 26801
897, 717.96, 718, 716.25, 716.58, 30753
898, 718.21, 718.77, 717.4801, 718.008, 25109
899, 717.55, 718.7, 717.52, 718.3, 35634
900, 717.3665, 717.85, 716.27, 717.58, 34261
901, 716.32, 717.48, 716.265, 717.1, 36898
902, 717.33, 717.49, 715.765, 716.25, 44063
903, 718.81, 718.81, 717, 717.19, 110571
0, 719.45, 719.45, 719, 719, 18229
1, 717.307, 720, 714.96, 719.05, 84363
2, 714.905, 718.4799, 714.67, 717.3715, 46075
3, 715.14, 715.41, 712, 715.06, 59310
4, 717.04, 718, 714.94, 715.2, 28614
5, 718.955, 718.96, 715.937, 717.18, 49139
6, 717.06, 718.96, 717.001, 718.96, 16190
7, 716.12, 717.8499, 715.7, 717.05, 22981
8, 715.71, 716.8416, 715, 716.17, 15272
9, 716.31, 717, 715, 716.21, 17731
10, 718.3875, 719, 715.6, 715.98, 23077
11, 716.05, 719.225, 715.7301, 718.7, 13433
12, 715.865, 716.23, 714.5395, 716.16, 95303
13, 716.39, 716.926, 715, 715.96, 15272
14, 716.178, 716.681, 715.22, 715.98, 7001
15, 713.39, 716.639, 713.39, 716.2, 12870
16, 715.35, 715.65, 713.07, 713.35, 14620
17, 715.78, 716.05, 715.23, 715.4, 15166
18, 715.66, 716.4, 715.38, 715.68, 19707
19, 715.9, 716.7, 715.38, 715.88, 11193
20, 716.43, 716.9288, 716.04, 716.09, 7445
21, 717.47, 717.79, 716.06, 716.51, 10210
22, 717.7, 717.79, 716.955, 717.59, 9245
23, 717.2, 717.695, 716.76, 717.695, 13083
24, 717.2232, 717.3124, 715.51, 717.13, 14633
25, 716.1024, 717.1399, 715.5, 716.95, 16183
26, 716, 716.39, 715.74, 716.22, 10041
27, 714.22, 716.44, 714.1, 715.97, 23114
28, 713.5669, 715.17, 713.3, 714.475, 33429
29, 713.01, 713.91, 712.8, 713.7, 29063
30, 713.29, 714.48, 713.012, 713.012, 25061
31, 714.49, 715.09, 713.36, 713.79, 23137
32, 715.7872, 716, 714.86, 714.86, 22548
33, 715.65, 716.75, 715.24, 715.72, 20356
34, 715.5, 715.77, 714.54, 715.76, 12044
35, 717.1, 718.0799, 715.5, 715.5, 33040
36, 717.19, 718.92, 716.7, 717.4, 32554
37, 717.15, 718.49, 716.41, 716.99, 18018
38, 718, 718.61, 717.08, 717.15, 32907
39, 718.85, 719, 717.31, 718, 102230
144, 718.025, 718.68, 717.54, 718.68, 11594
145, 717.67, 719.45, 715.29, 718.19, 44506
146, 714.36, 718.47, 713.7, 717.51, 78574
147, 713.71, 714.7799, 713, 714.29, 58385
148, 713.29, 714.16, 712, 713.9999, 49728
149, 712.99, 713.56, 711.11, 713.29, 79151
150, 712.15, 713.13, 711.12, 713.13, 41273
151, 712.682, 713.348, 711.66, 712.42, 26225
152, 713.125, 713.95, 712.265, 712.59, 26837
153, 711.87, 713.5, 711.8, 713.3, 39820
154, 711.66, 712.35, 710.54, 711.9, 55146
155, 711.875, 712.04, 710.71, 711.7542, 20401
156, 711.66, 714, 706.02, 711.82, 117711
157, 712.69, 712.69, 711.11, 711.745, 14130
158, 712.66, 712.68, 711.355, 712.36, 15117
159, 712.34, 712.99, 711.86, 712.59, 16914
160, 712.4275, 712.85, 711.6, 712.42, 10785
161, 711.2, 712.38, 710.9, 712.38, 9444
162, 710.5, 711.57, 710.5, 710.99, 15448
163, 711.3, 711.49, 710.45, 710.7, 7145
164, 710.65, 711.56, 710.28, 711.3724, 14515
165, 710.71, 711.258, 710.37, 710.42, 7305
166, 712, 712.06, 710.99, 710.99, 10988
167, 711.05, 711.84, 710.25, 711.77, 25916
168, 710.2, 711.05, 709.79, 711.05, 23541
169, 711.64, 711.66, 710.23, 710.25, 36393
170, 712.39, 712.72, 711.4, 711.71, 31099
171, 711.47, 713.32, 711.17, 712.4, 46883
172, 711.5464, 711.82, 710.75, 711.47, 16047
173, 712.95, 713.13, 711.8467, 711.873, 22395
174, 712.15, 713, 711.6, 712.9, 32866
175, 710.95, 712.105, 710.85, 712.105, 11200
176, 711.34, 711.34, 710.65, 710.99, 13834
177, 710.82, 711.998, 710.6832, 711.64, 18519
178, 710.9, 712.58, 710.7, 710.8, 20447
179, 710.51, 711.4, 710.51, 711, 19234
180, 711.28, 711.49, 710.38, 710.5, 32388
181, 711.4, 711.6, 710.7901, 711.25, 25906
182, 712.1225, 712.18, 711.12, 711.2401, 35126
183, 712.42, 712.44, 711.6, 712.22, 143193
288, 714, 714.99, 713.375, 714.99, 21200
289, 710.4716, 716.49, 709.8, 714, 85792
290, 710.05, 710.59, 708.23, 710.03, 56622
291, 708.045, 710.15, 706.02, 710.0113, 71740
292, 707.83, 708.52, 706.1, 708.2999, 22074
293, 707.7, 708.23, 706.61, 707.9, 28222
294, 707.8, 708.77, 706.52, 707.87, 31075
295, 708.42, 709, 707.7, 707.97, 31313
296, 708.385, 708.61, 707, 708.33, 39217
297, 707.51, 708.57, 707.33, 708.32, 24103
298, 709.05, 709.62, 707.47, 707.78, 32098
299, 710.65, 711.28, 709.052, 709.38, 58447
300, 711.8592, 712.05, 710.86, 710.97, 33884
301, 710.35, 712.5, 710.1941, 711.86, 31360
302, 709.3055, 710.862, 709.25, 710.5761, 22619
303, 709.42, 710.24, 708.61, 709.55, 17200
304, 709.66, 709.97, 709.28, 709.74, 17010
305, 709.6, 710.21, 708.76, 709.86, 11605
306, 709.52, 709.89, 709.05, 709.64, 16569
307, 709.1, 710.136, 708.89, 709.56, 21045
308, 709.06, 709.33, 708.74, 709.33, 11020
309, 709.735, 710.4999, 709.18, 709.18, 9179
310, 709.49, 710.5, 709.21, 709.64, 24071
311, 709.84, 710.1, 709.02, 709.39, 21875
312, 710.899, 710.899, 709.52, 709.8, 17016
313, 712.045, 712.4151, 710.29, 710.8, 23426
314, 713.53, 713.55, 712.17, 712.17, 36821
315, 714.62, 714.81, 713.35, 713.57, 50724
316, 714.93, 715.69, 714.53, 714.8, 47709
317, 712.78, 714.9, 712.78, 714.9, 28434
318, 712.495, 713.24, 711.39, 712.3, 16030
319, 710.85, 712.11, 710.08, 712.11, 37377
320, 710.87, 710.88, 710.14, 710.22, 8903
321, 709.59, 710.9, 708.66, 710.86, 35439
322, 710.39, 710.39, 708.65, 709.69, 23121
323, 710.44, 710.44, 709.32, 710.1, 27772
324, 711.82, 712.19, 709.95, 710.39, 29907
325, 710.85, 712.0168, 710.5, 712.0168, 15853
326, 710.99, 712.1, 710.69, 710.77, 25942
327, 710.89, 711.74, 709.71, 710.98, 127892
720, 706.24, 706.9, 706.23, 706.9, 14679
721, 703.28, 708.0912, 702.2, 705.97, 104959
722, 701.45, 704, 701.45, 703.22, 55346
723, 698.99, 701.98, 698.89, 701.98, 90988
724, 701.79, 702.3295, 698.55, 698.99, 67897
725, 700.84, 701.6683, 698.5719, 701.31, 45279
726, 697.85, 701.17, 697.7, 701.02, 38308
727, 697.82, 698.96, 697.2, 698.13, 45505
728, 699.55, 699.75, 697.53, 697.91, 43816
729, 699.01, 700.99, 698.25, 699.2, 29561
730, 698.15, 699.34, 697.7, 698.94, 20032
731, 699.1899, 700.3, 698.195, 698.2898, 31646
732, 699.6946, 700.36, 698.73, 698.91, 40408
733, 701.16, 701.16, 699.18, 699.9, 36991
734, 703.33, 703.42, 700.54, 701.15, 45417
735, 701.5501, 703.36, 701.505, 703.33, 35735
736, 700.6801, 702.185, 700.6801, 701.6, 15023
737, 699.1, 700.92, 699, 700.635, 28145
738, 699.78, 700.04, 698.7972, 699.18, 19545
739, 699.104, 700.1799, 698.9, 699.94, 18584
740, 699.45, 700.16, 698.83, 699.045, 28976
741, 698.43, 699.65, 698.28, 699.5, 20191
742, 698.7101, 699.14, 698.38, 698.78, 12361
743, 699.43, 699.9, 698.855, 698.98, 14166
744, 697.4599, 699.569, 697, 699.569, 28985
745, 695.13, 697.29, 694.71, 697.28, 75092
746, 694.0468, 695.36, 693.3, 695.36, 40017
747, 691.25, 694.4352, 691.25, 694.295, 67538
748, 691.69, 693, 690.31, 691.365, 53977
749, 690.6486, 692.54, 690.34, 691.68, 44399
750, 688.795, 691, 688.57, 690.52, 65014
751, 688, 690, 686.9, 688.89, 53489
752, 689.08, 689.98, 687.399, 688.16, 49413
753, 689.14, 689.95, 688.76, 689.2, 34821
754, 688.76, 689.325, 687, 689.325, 63527
755, 692.745, 692.745, 688.97, 688.97, 63157
756, 694.02, 694.65, 692.46, 692.7, 64126
757, 697.3, 697.59, 694.02, 694.2, 70197
758, 693.755, 697.37, 693.202, 697.36, 73897
759, 695.16, 695.31, 693.45, 693.93, 252743
864, 688.59, 689.15, 688.58, 688.59, 23070
865, 686.43, 692.8, 685.34, 688.75, 125590
866, 698.9999, 699.36, 685.475, 686.01, 119064
867, 696.89, 701.18, 695.59, 698.62, 104202
868, 696.27, 700.68, 695.7901, 696.25, 39163
869, 696.51, 699.5, 696.12, 696.6234, 28265
870, 695.9199, 699.11, 695.18, 696.5, 22450
871, 697.6241, 698.42, 694.88, 695.21, 24340
872, 696.78, 697.8, 695.64, 697.49, 18249
873, 698.49, 699.12, 696.8801, 697.3499, 22014
874, 698.33, 699.5, 697.95, 698.49, 33435
875, 698.21, 698.88, 697.66, 698.6141, 16011
876, 699.64, 700.49, 697.11, 698.21, 36451
877, 699.15, 700.25, 697.74, 699.59, 29576
878, 701.7191, 702.1, 698.94, 699.12, 41977
879, 703.1875, 703.79, 701.73, 701.86, 53822
880, 702.7, 703.72, 702.05, 703.375, 24808
881, 702.16, 702.95, 700.62, 702.58, 17208
882, 700.63, 702.498, 700.35, 702.29, 12787
883, 700.52, 700.93, 699.37, 700.67, 11488
884, 701.06, 701.06, 699.67, 700.5, 7903
885, 700.5, 701.12, 699.27, 700.67, 23726
886, 700.3411, 700.74, 699.59, 700.58, 6390
887, 699.02, 700.03, 698.6801, 700.03, 10125
888, 701, 701.59, 699.06, 699.24, 22438
889, 701.6, 702.24, 701, 701, 8556
890, 701.3, 701.5531, 700.67, 701.28, 9160
891, 700.88, 701.6, 700.7, 701.43, 14304
892, 700.75, 701.19, 699.6, 700.64, 12805
893, 700.39, 701.45, 698.59, 700.78, 15792
894, 699.37, 701, 699.04, 700.76, 20574
895, 696.625, 700.025, 696.44, 699.48, 39244
896, 696.52, 698.815, 696.02, 696.54, 19004
897, 696.235, 696.62, 695.3, 696.29, 25222
898, 695.32, 696.75, 695.14, 696.02, 21241
899, 693.61, 695.8, 693.41, 695.23, 31372
900, 694.12, 694.74, 693.1, 693.76, 29583
901, 693.5, 695, 693.4755, 694.29, 28484
902, 693.37, 694.87, 692.78, 693.688, 56933
903, 693.97, 694.42, 691.2, 693.25, 164750
0, 697.91, 698.47, 697.91, 698.47, 11387
1, 696.86, 700.2, 694, 698.1, 73727
2, 698.2063, 699, 696.0882, 697.085, 28242
3, 698.96, 699, 695.87, 698.53, 31185
4, 701.59, 702.31, 698.58, 698.58, 39440
5, 701.5954, 703.35, 701.43, 701.5, 31750
6, 703.44, 704.18, 701.31, 701.55, 29586
7, 705, 705.68, 702.325, 703.54, 26785
8, 702.46, 704.801, 702.46, 704.204, 17895
9, 700.455, 702.48, 699.18, 702.41, 24086
10, 703.29, 703.35, 700.74, 700.74, 22532
11, 701.27, 703, 701, 702.7615, 8038
12, 702.06, 702.335, 700.84, 702.09, 14311
13, 701.62, 703.67, 701.62, 702.28, 11794
14, 702.1927, 703, 701.5, 701.62, 11867
15, 703.495, 703.5, 701.775, 701.85, 9368
16, 703.14, 703.5, 702.57, 703.1376, 10248
17, 701.6701, 703.14, 701.07, 703.14, 8362
18, 702.53, 703.2191, 701.38, 701.76, 8681
19, 702.53, 702.9229, 701.82, 702.48, 12982
20, 700.42, 702.48, 700, 702.48, 13885
21, 701.26, 701.46, 699.91, 700.5199, 11749
22, 701.7, 702.2, 700.8, 700.9, 21411
23, 701.5518, 702.7699, 701.18, 701.7, 11337
24, 701.96, 702.9, 701.23, 701.39, 27390
25, 702.25, 702.71, 701.6, 701.9, 7146
26, 703.5, 703.5, 702.0727, 702.5, 9914
27, 704.0301, 704.915, 703.08, 703.6, 18068
28, 705, 705.2, 703.9378, 704.25, 13893
29, 704.68, 705.29, 704.0122, 705.08, 13132
30, 704.59, 705.25, 703.67, 704.99, 16401
31, 703.08, 704.52, 702.7257, 704.52, 15104
32, 703.65, 703.87, 702.78, 703, 17802
33, 703.9, 704.68, 702.69, 703.63, 10608
34, 703.3, 704.7297, 703.16, 703.7, 23131
35, 702.19, 703.85, 701.8, 703.3, 27900
36, 702.8075, 703.43, 701.622, 701.97, 33950
37, 703.16, 703.75, 702.0903, 702.652, 16597
38, 703.97, 704.1, 702.82, 703.255, 42230
39, 705.24, 705.25, 703.38, 703.99, 135362
144, 708.85, 708.85, 708.12, 708.12, 13770
145, 712.42, 713, 703.36, 708, 138447
146, 713.22, 713.73, 709.972, 712.2, 88155
147, 715.45, 715.85, 711.7, 712.8601, 84716
148, 714.97, 715.62, 714.5, 715.06, 53028
149, 715.57, 716.44, 713.33, 715, 62470
150, 714.397, 715.99, 714.397, 715.61, 50450
151, 709.88, 715, 707, 715, 78109
152, 711.64, 713.1, 709.11, 709.11, 31134
153, 709.39, 712.81, 709, 711.46, 24629
154, 710.7765, 711.26, 707.041, 709.64, 57642
155, 710.61, 713.31, 710.1, 710.31, 73598
156, 707.8, 710.32, 706.4416, 710.2, 100868
157, 710.21, 710.85, 707.356, 707.91, 38011
158, 711.325, 711.61, 710.01, 710.66, 23790
159, 711.37, 712.32, 710.33, 711.1, 29225
160, 712.0824, 712.53, 710.95, 711, 28082
161, 710.865, 712.29, 710.62, 711.88, 33965
162, 711.56, 711.69, 710.36, 711.21, 36786
163, 708.42, 711.97, 707.321, 711.23, 58177
164, 708.19, 709.23, 707, 708.33, 37712
165, 708.89, 709.18, 707.25, 708.1424, 25764
166, 706.4, 709.46, 706.23, 708.57, 32120
167, 707, 707, 704.9, 706.44, 50122
168, 708.331, 708.84, 705.99, 706.92, 32741
169, 707.185, 708.9381, 706.39, 708.21, 19784
170, 707.13, 707.52, 706.04, 707.52, 19188
171, 706.9, 708.6851, 706.836, 707.12, 14786
172, 706.57, 707.87, 706.22, 706.71, 14100
173, 709.13, 709.52, 706, 706.416, 35939
174, 711.2075, 712.18, 708.48, 708.97, 45907
175, 711.66, 712.18, 710.07, 711.06, 35744
176, 713.27, 714.72, 711.84, 712.03, 69461
177, 712.0894, 713.99, 712, 713.07, 24835
178, 712.6, 712.94, 711.19, 712.17, 22696
179, 714.33, 715, 712.085, 712.8, 37449
180, 714.99, 715.64, 712.14, 713.95, 53434
181, 713.47, 715, 712.69, 715, 61602
182, 712.5, 714.13, 712.5, 713.29, 59605
183, 712.82, 713.64, 712.1501, 712.5, 151920
288, 720.22, 720.24, 720, 720, 26683
289, 720.4333, 721.12, 717.125, 720.27, 77784
290, 720.6, 721.39, 719.24, 720.34, 36816
291, 721.49, 723.02, 720.57, 721, 51390
292, 719.29, 722.45, 718.72, 721.68, 38765
293, 721.572, 721.76, 719.05, 719.31, 37880
294, 722, 722.58, 720.93, 721.68, 63221
295, 722.92, 723.91, 722.07, 722.07, 51712
296, 724, 724.21, 722.9, 723.14, 37645
297, 721.8021, 723.9721, 721.21, 723.79, 29624
298, 722.78, 723.2299, 721.595, 721.74, 23707
299, 723.13, 723.35, 722.45, 722.91, 13818
300, 722.7865, 723.25, 722.05, 723.21, 17301
301, 722.31, 723.23, 722, 722.96, 16429
302, 722.218, 722.79, 721.41, 722.465, 11951
303, 721.77, 722.07, 721.33, 722.045, 20974
304, 722.15, 722.56, 721.52, 721.795, 18771
305, 721.74, 722.42, 721.65, 722.28, 13687
306, 721.83, 722.1, 721.35, 721.682, 13960
307, 722.59, 722.66, 721.825, 721.9, 20451
308, 722.55, 723.09, 722.2, 722.53, 25342
309, 722.3314, 723.13, 722.04, 722.685, 11383
310, 721.5056, 722.56, 721.35, 722.4293, 13671
311, 722.0338, 722.41, 721.6, 721.83, 10192
312, 722.6371, 722.828, 721.95, 722.26, 5846
313, 722.32, 722.8285, 722.04, 722.64, 14314
314, 722.7, 722.75, 722, 722.26, 13471
315, 723.3601, 723.51, 722.63, 722.72, 36841
316, 723.55, 723.9, 723.28, 723.46, 17877
317, 723.45, 723.83, 723.14, 723.6, 11251
318, 723.96, 724.1, 723.49, 723.51, 16708
319, 723.35, 724.14, 723.35, 723.725, 25558
320, 723.88, 724.39, 723.22, 723.41, 36085
321, 724.6, 724.6, 723.92, 723.94, 31167
322, 725.71, 725.72, 724.31, 724.32, 57536
323, 725.3501, 725.84, 725, 725.71, 35545
324, 726.49, 726.53, 725.455, 725.47, 55746
325, 726.11, 726.34, 725.62, 726.34, 49849
326, 726.09, 726.59, 725.67, 726.11, 38756
327, 726.82, 726.92, 725.885, 725.92, 209004
714, 726.6, 726.81, 726.4, 726.81, 17695
715, 729.808, 730.9448, 725.15, 726.71, 98015
716, 729.3964, 730.0621, 727.24, 730.0621, 37011
717, 727.83, 731.265, 727.83, 729.26, 46485
718, 728.92, 729.78, 727.83, 728.45, 23024
719, 730.51, 730.58, 727.502, 728.5101, 27517
720, 730.64, 731, 729.02, 730.6, 26757
721, 729.52, 731.58, 729.52, 730.77, 36562
722, 730.68, 731.23, 729.89, 729.89, 24709
723, 731.0508, 731.46, 730.33, 730.9899, 26751
724, 730.81, 732, 730.58, 731.05, 24990
725, 732.87, 733.65, 730.77, 730.84, 32773
726, 731.63, 733.2, 731.53, 733, 35309
727, 732, 732.2, 730.84, 731.6, 15310
728, 732.1, 732.77, 731.13, 731.8915, 10547
729, 732.53, 733.18, 731.7401, 732.095, 18187
730, 733.03, 733.5, 732.69, 732.72, 12470
731, 735.33, 735.5, 733.29, 733.5, 60974
732, 734.2875, 735.2, 733.59, 735.0671, 30977
733, 734.06, 734.68, 733.61, 734.01, 17946
734, 733.34, 734.42, 733.245, 734.41, 11325
735, 733.35, 734.45, 733.14, 733.77, 11106
736, 732.78, 733.69, 732.695, 733.34, 21405
737, 732.78, 733.25, 731.97, 732.63, 13579
738, 732.27, 732.7599, 731.76, 732.36, 12762
739, 732.45, 732.75, 732.1, 732.36, 8515
740, 732.7, 733, 732.14, 732.4131, 21716
741, 731.75, 732.82, 731.75, 732.1963, 20601
742, 730.595, 731.805, 730.5, 731.7, 30005
743, 730.34, 730.89, 729.5, 730.5, 20033
744, 730.5, 730.9199, 729.21, 730.34, 39390
745, 730.68, 730.94, 730.18, 730.7595, 24550
746, 731.355, 731.6, 730.58, 730.78, 16602
747, 732.21, 732.23, 731.105, 731.4746, 21382
748, 731.55, 732.35, 731.49, 732.17, 12495
749, 731.1, 731.665, 730.4228, 731.54, 17678
750, 732.6435, 732.915, 730.97, 731.07, 26048
751, 733.13, 733.3, 731.745, 732.455, 26257
752, 732.64, 733.13, 731.54, 733.11, 39081
753, 730.49, 732.5, 730.3, 732.5, 130979
858, 726.4713, 727, 726.4713, 726.92, 12337
859, 726.6785, 727.29, 725.1, 726.7, 51075
860, 728.48, 728.75, 726.48, 726.48, 56730
861, 726.67, 728.66, 725.481, 728.48, 33403
862, 725.6477, 727.76, 724.78, 726.754, 24834
863, 726.03, 726.24, 724.77, 725.23, 28655
864, 727.3618, 727.69, 725.77, 725.97, 20398
865, 725.82, 727.565, 725.6, 727.55, 38633
866, 725.185, 726.14, 724.88, 726.095, 35040
867, 725.66, 726.24, 725.08, 725.12, 32716
868, 727.26, 727.29, 725.35, 725.66, 26109
869, 727.3, 727.433, 726.3, 727.19, 14751
870, 729.665, 730.38, 727.48, 727.48, 31028
871, 728.51, 730.88, 728.51, 729.96, 24529
872, 728.52, 729.25, 727.98, 728.3072, 13750
873, 727.55, 728.65, 727.55, 728.5, 10763
874, 727.42, 728.55, 727.14, 727.85, 11597
875, 729.03, 729.03, 727.25, 727.57, 7170
876, 731.1499, 731.1499, 728.87, 729.21, 16823
877, 730.04, 731.2, 730.0032, 730.83, 10262
878, 730.45, 731.81, 730.36, 730.38, 8938
879, 730.55, 730.55, 729.49, 730.3739, 11538
880, 730.42, 730.855, 730.01, 730.23, 9023
881, 730.16, 730.945, 730.1, 730.48, 5314
882, 730.2, 730.79, 730.08, 730.32, 12342
883, 731.19, 731.83, 730.49, 730.49, 13467
884, 731.99, 732.29, 731.412, 731.412, 18968
885, 731.455, 732.0783, 731.22, 731.97, 28348
886, 730.43, 731.86, 730.43, 731.64, 15364
887, 730.74, 731.2, 730.2, 730.36, 13789
888, 730.2, 730.95, 729.64, 730.62, 21675
889, 731.153, 731.5, 729.83, 729.97, 11673
890, 730.91, 731, 730.15, 730.98, 23371
891, 730.8, 731.19, 730.3148, 730.89, 31025
892, 730.72, 731.16, 730.33, 730.97, 19341
893, 731.38, 731.38, 730.39, 730.69, 12339
894, 729.66, 731.65, 729.65, 731.1, 29022
895, 727.485, 729.919, 727.47, 729.805, 47483
896, 728.15, 728.6355, 727.315, 727.55, 47299
897, 728.33, 728.44, 727.45, 728.16, 199811
0, 727.68, 727.68, 726.37, 726.37, 15185
1, 726.05, 730.82, 725.47, 727.06, 43175
2, 725.85, 726.42, 724.51, 725.8, 31960
3, 727.2101, 727.75, 725.884, 726.22, 32662
4, 725.766, 727.03, 725.33, 726.9, 33416
5, 727.04, 727.45, 725.3, 725.75, 21674
6, 726.8493, 728.76, 726.55, 727.11, 54183
7, 727.4, 727.87, 726.65, 726.98, 12444
8, 727.28, 727.93, 727.1, 727.3037, 11472
9, 727.44, 727.96, 727.16, 727.495, 11080
10, 727.06, 727.43, 726.46, 727.3128, 19869
11, 726.99, 727.4455, 726.5, 727.1009, 23817
12, 729.25, 729.25, 726.99, 726.99, 24941
13, 728.4755, 729.49, 728.24, 729.17, 15561
14, 729.072, 729.46, 728.24, 728.25, 19126
15, 729.34, 729.84, 728.98, 729.05, 10586
16, 729, 730.33, 728.9, 729.47, 15732
17, 729.15, 729.48, 728.28, 729.16, 30169
18, 729.55, 729.9, 728.93, 729.44, 6374
19, 729.35, 730.135, 729.26, 729.54, 23272
20, 727.54, 729.319, 727.54, 729.3036, 10887
21, 727.01, 728.15, 727.01, 727.62, 13871
22, 727.7507, 728.06, 726.93, 727, 5237
23, 727, 728.0412, 726.9, 728.0412, 17696
24, 728.18, 728.445, 727.2729, 727.425, 10494
25, 728.83, 728.98, 727.65, 728.36, 11944
26, 729.6127, 729.85, 728.519, 728.97, 12217
27, 730, 730, 728.4002, 729.87, 19397
28, 731.78, 733.16, 729.18, 730, 55084
29, 730.1601, 732.11, 729.0901, 731.41, 34006
30, 733.57, 734.34, 730.32, 730.32, 38292
31, 733.99, 734.09, 732.97, 733.55, 25082
32, 733.53, 735.5, 733.3004, 734, 35249
33, 732.75, 734.321, 732.75, 733.4451, 16923
34, 734.33, 734.59, 732.4, 732.83, 31097
35, 734.92, 735.5, 734.09, 734.37, 29482
36, 734.27, 735.15, 733.83, 735.15, 32466
37, 737.03, 737.47, 734.07, 734.3, 44039
38, 735.86, 737.2, 735.72, 737.19, 29466
39, 736.09, 736.99, 734.64, 735.99, 180045
144, 736.5, 736.5, 736.45, 736.45, 11450
145, 739.8, 741.66, 736.14, 736.31, 116717
146, 739.0001, 740.11, 737.81, 739.79, 68873
147, 738.67, 741.06, 737.78, 739.27, 47209
148, 738.11, 739.2599, 736.05, 738.3538, 72379
149, 739.35, 739.6699, 737.64, 738.085, 24752
150, 740.58, 741, 738.81, 739.08, 27072
151, 741.5, 741.77, 740.2701, 740.59, 33628
152, 740.15, 741.79, 739.864, 741.564, 12827
153, 740.28, 740.83, 739.73, 740.48, 19143
154, 741.11, 741.66, 740.22, 740.22, 32309
155, 740.88, 741.4989, 740.565, 741.14, 16325
156, 740, 740.48, 739.39, 740.48, 24780
157, 740.1556, 740.78, 739.76, 740.1163, 8425
158, 741, 741, 739.39, 739.935, 9474
159, 740.76, 741.18, 740.565, 741, 13354
160, 740.45, 740.97, 739.7441, 740.97, 14190
161, 741.28, 741.33, 740.1612, 740.49, 24936
162, 742.32, 742.87, 741.15, 741.35, 27627
163, 742.9, 743.07, 742.53, 742.5455, 23156
164, 741.35, 742.88, 741.35, 742.8092, 32997
165, 740.83, 742.45, 740.7433, 741.15, 18048
166, 741, 741.68, 740.67, 741.29, 19206
167, 741.04, 741.46, 740.6654, 740.77, 21224
168, 741.38, 741.8, 741.08, 741.11, 10165
169, 741.99, 742.26, 740.97, 741.34, 19418
170, 741.6193, 742.36, 741.53, 741.98, 18173
171, 740.5736, 742.07, 740.5736, 741.62, 14567
172, 741.75, 742.31, 740.38, 740.53, 11647
173, 740.5288, 742, 740.39, 741.69, 20116
174, 739.56, 741.395, 739.56, 740.94, 32115
175, 737.835, 739.79, 737.64, 739.67, 39341
176, 737.9, 738.1, 737.0201, 737.6901, 30357
177, 736.1472, 737.884, 736, 737.67, 33210
178, 737.59, 737.92, 736.23, 736.25, 32787
179, 736.9801, 737.975, 736.61, 737.655, 36488
180, 738.165, 738.4, 736.642, 736.91, 41560
181, 739.41, 739.46, 737.62, 738.12, 41306
182, 738.75, 739.4564, 738.5, 739.305, 29154
183, 737.78, 739.27, 737.34, 738.72, 199415
288, 741.64, 742, 741.58, 741.86, 470617
289, 734.6676, 741.555, 734.345, 741.555, 67058
290, 732.02, 735.35, 731.83, 734.67, 101268
291, 733.7, 733.7799, 732.06, 732.21, 33971
292, 734.244, 734.62, 733.32, 733.78, 37234
293, 733.88, 734.49, 733.43, 734.09, 20673
294, 732.85, 734.1467, 732.43, 733.83, 28359
295, 736.2692, 736.5, 732.71, 732.71, 33504
296, 735.66, 736.4583, 734.99, 736.4583, 24122
297, 735.22, 735.9, 734.95, 735.71, 23046
298, 736.79, 737.1099, 735.22, 735.22, 42663
299, 738.098, 738.14, 736.74, 736.74, 32531
300, 737.15, 738.13, 736.53, 737.5972, 35091
301, 736.6252, 737.6, 736.46, 737.12, 23543
302, 736, 737, 735.9, 736.83, 40708
303, 736.24, 736.24, 734.7, 736.06, 35466
304, 736.45, 736.45, 735.407, 736.23, 20144
305, 736.01, 736.5, 735.76, 736.39, 22923
306, 735.95, 736.323, 735.72, 736.31, 14825
307, 735.69, 736.03, 735.27, 735.82, 9166
308, 735.37, 735.98, 735.12, 735.6964, 10386
309, 735.14, 735.77, 735.08, 735.37, 6400
310, 734.4243, 735.33, 734.14, 735.2668, 12619
311, 733.15, 734.66, 732.89, 734.43, 22450
312, 734.42, 734.53, 733.32, 733.61, 25930
313, 733.27, 734.96, 732.68, 734.09, 25426
314, 732.99, 733.441, 732.47, 733.28, 13692
315, 733.4, 733.67, 732.43, 732.9899, 35528
316, 733.7994, 734.6, 733.26, 733.52, 24930
317, 734.495, 734.8, 733.7001, 733.91, 15902
318, 734.57, 735, 734.32, 734.5, 17687
319, 734.84, 735, 734.275, 734.4, 5380
320, 735.04, 735.42, 734.58, 734.87, 28037
321, 735.0717, 735.35, 734.38, 735.05, 25293
322, 736.2, 736.56, 735.1801, 735.25, 33954
323, 737.33, 737.82, 736.23, 736.23, 33582
324, 737.465, 737.785, 736.83, 737.38, 28827
325, 737.8, 737.86, 736.765, 737.25, 33468
326, 737.94, 738.52, 737.595, 737.77, 78020
327, 737.6, 738.07, 736.36, 737.77, 391383
720, 736.64, 736.64, 736.5, 736.5, 9793
721, 740.22, 741.2623, 735.7701, 736.998, 54376
722, 740, 740.45, 736.99, 740.12, 43252
723, 737.38, 739.99, 737.15, 739.98, 31725
724, 737, 737.53, 736.9, 737.3808, 46523
725, 734.2, 737, 733.5157, 737, 72307
726, 734.81, 735.434, 733.6, 734, 32577
727, 735.24, 736.77, 734.16, 734.82, 37756
728, 734.4, 735.66, 734.23, 735.07, 23242
729, 734.2, 734.82, 733.91, 734.5, 20794
730, 735.5244, 735.6597, 734.08, 734.215, 12461
731, 737.61, 737.92, 735.71, 735.71, 15076
732, 737.18, 737.9925, 736.8877, 737.69, 16141
733, 738.75, 738.75, 736.77, 737.332, 19326
734, 739.56, 739.58, 737.43, 738.8, 22953
735, 738.3, 740.1742, 738.28, 739.62, 19267
736, 738.37, 739.321, 737.94, 738.48, 11699
737, 738.93, 739.13, 738.03, 738.365, 12773
738, 738.87, 739.29, 737.81, 739.2, 13677
739, 739.805, 740.17, 738.6, 738.79, 14676
740, 738.64, 739.8, 738.14, 739.8, 8452
741, 739.35, 739.44, 737.98, 738.7, 11333
742, 739.44, 739.95, 739, 739.17, 10928
743, 739.81, 739.81, 738.11, 739.34, 13542
744, 740.08, 740.26, 739.35, 739.92, 14381
745, 740.18, 740.34, 739.21, 739.95, 14174
746, 740.64, 740.7, 739.85, 740.14, 12112
747, 741.05, 741.11, 740.49, 740.6, 21461
748, 739.98, 741.52, 739.77, 741.07, 13790
749, 741.2799, 741.5, 739.986, 740.24, 15298
750, 741.96, 741.96, 740.65, 741.06, 23626
751, 742.15, 742.15, 741.08, 741.77, 28656
752, 742.395, 742.5, 741.5, 741.91, 12283
753, 742.1775, 742.5, 741.01, 742.18, 24061
754, 741.08, 742.28, 740.8, 742.21, 18216
755, 741.87, 742, 740.91, 741.13, 17962
756, 741.78, 742.2, 741.5, 741.86, 23203
757, 739.61, 741.62, 739.61, 741.56, 28604
758, 740.48, 740.48, 739.15, 739.69, 29104
759, 742.09, 742.38, 739.44, 740.25, 324986
864, 737.98, 737.98, 737.46, 737.46, 13998
865, 742.4792, 742.75, 737.89, 737.99, 50328
866, 741.84, 743.67, 738.95, 742.21, 44894
867, 743.75, 745, 741.25, 741.399, 40259
868, 741.5, 744.85, 741.5, 743.92, 34019
869, 742.946, 743.77, 741.625, 741.625, 18349
870, 743.97, 744.33, 742.76, 743.06, 22318
871, 744.75, 744.8, 743.3, 743.91, 19235
872, 744.5, 744.75, 743.95, 744.59, 14463
873, 742.65, 744.77, 742.5125, 744.64, 19344
874, 742.73, 743.52, 742.3301, 742.3301, 15126
875, 742.65, 743, 742.08, 742.9, 24477
876, 741.8, 743.2141, 741.72, 742.48, 17379
877, 740, 742.1, 740, 741.77, 25334
878, 740.88, 741.55, 740.25, 740.36, 10443
879, 739, 740.905, 739, 740.73, 11841
880, 740.29, 740.4, 739.2045, 739.2045, 9990
881, 739.2825, 740.42, 739.2, 740.14, 10727
882, 741.13, 741.13, 739.285, 739.36, 11498
883, 741.14, 741.33, 740.6927, 741.12, 10036
884, 742.37, 742.7499, 741.19, 741.23, 20983
885, 742.7, 743.3, 742.25, 742.65, 15283
886, 743.1801, 743.49, 742.77, 742.99, 6373
887, 743.85, 743.97, 743.25, 743.25, 9665
888, 743.14, 743.83, 743.06, 743.7263, 14186
889, 744.25, 744.25, 743.06, 743.2, 5843
890, 743.9201, 744.22, 743.06, 744.15, 11945
891, 743.0665, 744.25, 742.92, 744.25, 15063
892, 743.1253, 743.79, 743.1253, 743.27, 3393
893, 743.25, 743.895, 742.95, 743.295, 17135
894, 742.968, 743.5, 742.665, 743.33, 11418
895, 743.9999, 744.2688, 743.035, 743.06, 13978
896, 742.82, 743.9899, 742.525, 743.56, 9215
897, 741.15, 743.06, 741, 742.875, 14831
898, 740.98, 741.45, 740.6, 741.2, 14982
899, 739.92, 741.39, 739.52, 740.88, 11796
900, 741.07, 741.25, 739.6926, 739.91, 19846
901, 741.21, 741.36, 740.49, 741.13, 20211
902, 740.66, 742.28, 740.4, 741.02, 31708
903, 740.75, 741.57, 740.01, 740.67, 162140
0, 742.36, 742.36, 742.36, 742.36, 11304
1, 741.3708, 745.7199, 740.9, 742.99, 55677
2, 737.99, 741.005, 736.15, 740.79, 73531
3, 738.315, 738.765, 737.09, 737.995, 43663
4, 739.82, 740.31, 738.36, 738.41, 25846
5, 741.2, 743.46, 740.25, 740.25, 29183
6, 742, 743.28, 741.43, 741.43, 23297
7, 741.71, 743.4, 740.36, 742.22, 20632
8, 742.56, 742.7, 740.75, 741.76, 22207
9, 741.63, 742.54, 741, 742.51, 14885
10, 742.07, 742.5, 740.5, 741.25, 25567
11, 739.33, 742.27, 739.33, 742.27, 16215
12, 740.13, 740.74, 739.24, 739.29, 12998
13, 739.03, 740.1, 738.71, 739.6515, 10931
14, 738.27, 739.99, 737.87, 739.07, 26632
15, 738.63, 738.69, 737.74, 738.2315, 16533
16, 738.67, 739.29, 738.3, 738.54, 19952
17, 739.95, 739.95, 738.805, 738.94, 14892
18, 739.43, 740, 738.73, 739.98, 16771
19, 740.04, 740.55, 739.45, 739.6, 11190
20, 740.31, 740.76, 739.47, 740.1775, 14408
21, 740.09, 740.535, 739.75, 740.3, 12345
22, 739.94, 740.53, 739.7, 740.04, 5750
23, 740.72, 741.3, 740.0999, 740.0999, 20445
24, 740.8, 740.8, 739.67, 740.4, 11845
25, 740.22, 741.1425, 739.5, 740.79, 6460
26, 740.58, 740.58, 739.55, 740.05, 14969
27, 740.06, 741.47, 740, 740.6247, 28756
28, 740.99, 741.51, 739.69, 740.131, 12600
29, 741.14, 741.77, 740.6, 740.9, 10569
30, 741.19, 741.49, 740.13, 740.91, 10345
31, 740.34, 741.94, 740.34, 741.24, 21413
32, 738.5, 740.33, 738.5, 740.33, 17632
33, 738.02, 739.23, 737.7, 738.68, 28349
34, 738.07, 738.866, 737.88, 737.89, 13796
35, 737.05, 738.13, 737, 738.1265, 45777
36, 737.342, 737.64, 736.5, 737.12, 35735
37, 738.81, 738.81, 736.565, 737.67, 27385
38, 738.1, 738.729, 737.5, 738.729, 33500
39, 738.06, 738.92, 737.69, 738.095, 120142
144, 733.05, 733.998, 732.01, 732.01, 27923
145, 734.95, 737.747, 732.21, 732.21, 48789
146, 733.9899, 735.25, 733.35, 734.85, 29317
147, 734.19, 734.66, 733.12, 733.66, 39711
148, 735.4336, 735.56, 733.79, 734.33, 26523
149, 734.4, 735.9616, 734.4, 735.41, 35121
150, 733.71, 735.14, 733.5812, 734.7, 13989
151, 735.3, 735.81, 733.9, 733.91, 28187
152, 735.4513, 735.5484, 734.52, 735.31, 22717
153, 734.77, 735.87, 734, 735.58, 12458
154, 734.04, 735.2, 733.97, 734.91, 17612
155, 733.7, 734.79, 733.36, 734, 21171
156, 734, 734.68, 733.795, 733.795, 10387
157, 734.77, 735.1405, 734, 734, 7879
158, 735.02, 735.31, 734.27, 734.76, 25502
159, 733.47, 735.32, 733.13, 735.1037, 21243
160, 733.35, 733.7099, 733.18, 733.57, 26324
161, 732.8, 733.86, 732.62, 733.38, 34009
162, 731.93, 732.85, 731.65, 732.85, 37377
163, 731.96, 732.66, 731.68, 731.7347, 31096
164, 731.45, 731.9399, 731, 731.89, 13010
165, 732.81, 732.9, 731.03, 731.3484, 24769
166, 733.09, 733.775, 732.68, 732.83, 19714
167, 732.74, 733.51, 732.66, 733.15, 20817
168, 732.4, 732.51, 731.9987, 732.51, 5150
169, 732.81, 732.83, 732.18, 732.61, 5353
170, 731.75, 732.94, 731.5, 732.73, 15367
171, 731.57, 732.01, 731.45, 731.83, 14279
172, 731.585, 732.19, 731.18, 731.73, 14017
173, 731.82, 732.06, 731.195, 731.56, 29306
174, 733.25, 733.34, 732.06, 732.06, 13690
175, 733.78, 734.2, 732.75, 732.99, 18674
176, 734.104, 734.8, 733.31, 733.53, 17843
177, 734.5, 734.79, 733.97, 734.36, 12376
178, 734, 734.9, 733.63, 734.66, 13069
179, 734.8504, 734.96, 734.13, 734.43, 12200
180, 735.5399, 735.5399, 734.63, 734.98, 28432
181, 735.4, 735.75, 735, 735.46, 22415
182, 735.65, 735.65, 734.34, 735.3, 21811
183, 735.3, 735.67, 734.58, 735.35, 281067
720, 736.79, 736.79, 736.79, 736.79, 14002
721, 737.77, 738.99, 736.29, 737.56, 59928
722, 735.28, 738.3, 734.9, 737.472, 31014
723, 735.2049, 736.29, 734.3, 735.26, 17686
724, 735.8302, 736.3, 734.5101, 735.2343, 24090
725, 736.98, 737.25, 735.1001, 735.74, 27465
726, 738.71, 738.99, 737.15, 737.21, 33970
727, 737.87, 738.84, 737.74, 738.6024, 25316
728, 737.1, 737.94, 735.7, 737.94, 23383
729, 737.54, 737.7453, 736.69, 737.1099, 21997
730, 737.57, 738.43, 737.37, 738, 16020
731, 736.27, 737.73, 736.12, 737.4657, 20228
732, 736.6, 737.03, 736.11, 736.31, 18274
733, 735.84, 737.33, 735.78, 736.97, 9900
734, 736.66, 736.92, 735.32, 735.999, 9836
735, 737.28, 737.49, 736.365, 736.58, 12490
736, 736.83, 737.7199, 736.69, 737.09, 9863
737, 737.11, 737.52, 736.56, 736.945, 7309
738, 736.36, 737.34, 736.05, 737.11, 9310
739, 736.86, 737.19, 735.58, 736.32, 16638
740, 737.07, 737.7399, 736.9242, 737.3, 11100
741, 737.1301, 737.6167, 736.91, 737.23, 4865
742, 736.82, 737.13, 736.33, 737.13, 7677
743, 735.5433, 736.81, 735.33, 736.7, 17569
744, 735.39, 735.9, 735.27, 735.45, 9124
745, 734.25, 735.95, 734.2, 735.3, 10547
746, 734.475, 735.1, 734.12, 734.25, 18927
747, 735.18, 735.21, 734.16, 734.28, 14672
748, 736.03, 736.65, 734.83, 735, 24132
749, 735.75, 736.5, 735.75, 736.03, 16041
750, 735.14, 736.33, 735.12, 735.74, 15254
751, 734.39, 735.1195, 734, 735.08, 23798
752, 733.5, 734.7799, 733.5, 734.7799, 49823
753, 733.255, 733.67, 732.5, 733.5, 45620
754, 734.1, 734.64, 733.17, 733.26, 11703
755, 734.135, 734.6, 733.7505, 734.2565, 17444
756, 734.16, 734.84, 733.8, 734.34, 12222
757, 734.5, 734.64, 733.8, 734.11, 31223
758, 733.89, 734.82, 733.69, 734.55, 38291
759, 733.53, 734.5499, 733.44, 734.1, 127201
864, 733.12, 734.59, 732.5, 734.59, 11528
865, 732.7, 734.4699, 731.64, 732.69, 51244
866, 729.26, 733.5, 729, 732.27, 65788
867, 730.7753, 731.4299, 728.76, 729.16, 46065
868, 732.33, 732.47, 730.02, 730.89, 38581
869, 732.09, 733.21, 731.78, 732.05, 36846
870, 731.91, 733.51, 731.91, 732.61, 19459
871, 733.53, 733.81, 731.74, 731.88, 22781
872, 734.7117, 734.77, 733.15, 733.53, 29721
873, 734.09, 735.44, 734.09, 734.55, 27560
874, 735.59, 735.67, 733.9, 734.23, 26443
875, 737.21, 737.28, 735.155, 735.74, 44284
876, 738.81, 739.3, 737.21, 737.21, 47189
877, 738.26, 739.5, 737.5, 738.95, 37846
878, 739.29, 739.41, 738.04, 738.21, 25720
879, 739.75, 739.79, 739.09, 739.29, 24118
880, 738.72, 739.8, 738.72, 739.79, 15657
881, 738.49, 739, 738.15, 738.83, 12231
882, 740.76, 741.2045, 738.52, 738.69, 28518
883, 741.11, 741.74, 740.6925, 740.76, 27876
884, 741.9, 742.25, 740.28, 740.85, 20210
885, 741.5925, 741.85, 741.1957, 741.63, 17498
886, 742.3654, 742.3654, 740.87, 741.38, 11467
887, 743.43, 743.69, 741.98, 742.08, 10403
888, 743.63, 744.45, 743.0555, 743.595, 23312
889, 743.47, 743.6, 742.7445, 743.375, 17430
890, 743.78, 743.78, 743.2427, 743.53, 11427
891, 744.51, 744.71, 743.7, 743.7, 14454
892, 744.1, 744.67, 743.56, 744.18, 36489
893, 745.47, 745.47, 743.76, 744.21, 27334
894, 746.39, 746.69, 745.45, 745.47, 32272
895, 746.53, 746.95, 745.1, 746.23, 29043
896, 746.553, 747.16, 746.3001, 746.6, 22070
897, 744.795, 746.67, 744.795, 746.27, 19818
898, 746.1002, 746.1002, 744.12, 744.795, 31137
899, 746.945, 747.18, 745.98, 746.38, 21884
900, 746.88, 747.25, 746.5, 746.97, 26128
901, 746.42, 746.73, 745.3501, 746.73, 16666
902, 745.9, 746.73, 745.43, 746.41, 33445
903, 744.77, 746.6, 744.41, 746.355, 288890
0, 749.88, 750.31, 749.88, 750.1, 17235
1, 753.75, 754.09, 748.74, 750, 124487
2, 754.8, 755, 752.04, 753.83, 74369
3, 755.9508, 756.32, 753.37, 755.09, 47410
4, 756.34, 756.79, 754.14, 756.28, 41679
5, 756.8, 756.88, 755.4, 756.37, 44959
6, 755.36, 757.07, 755.07, 756.75, 43783
7, 755.42, 755.93, 755.065, 755.38, 36552
8, 756.45, 756.54, 755.03, 755.41, 30500
9, 757.569, 757.7, 756.12, 756.44, 41396
10, 757.17, 757.88, 756.71, 757.6, 32291
11, 755.43, 757.32, 755.2, 757, 27928
12, 754.18, 755.59, 753.74, 755.59, 39513
13, 754.21, 754.21, 753, 753.99, 20954
14, 754.45, 754.77, 753.6605, 753.92, 25771
15, 753.38, 754.49, 753.38, 754.38, 11616
16, 752.92, 753.6488, 752.54, 753.51, 13372
17, 753.14, 753.64, 752.82, 753.12, 9590
18, 752.3, 753.2585, 751.89, 753.05, 16008
19, 751.71, 752.56, 751.19, 752.3001, 13068
20, 751.61, 752.205, 750.87, 751.8, 12446
21, 752.42, 752.42, 751.36, 751.61, 30709
22, 752.5, 752.5, 751.85, 752.45, 18912
23, 751.09, 752.61, 751.01, 752.4558, 27130
24, 751.5, 752.1799, 751.2, 751.27, 17403
25, 751.555, 751.8, 751.02, 751.52, 16536
26, 751.475, 752.01, 751.37, 751.495, 15571
27, 751.43, 751.88, 751.21, 751.72, 12955
28, 751.472, 752.46, 751.35, 751.351, 21591
29, 750.24, 751.47, 749.7, 751.47, 41255
30, 751.8, 751.8, 750.01, 750.22, 17649
31, 751.66, 752, 751.5, 751.5, 19986
32, 751.47, 751.72, 750.6701, 751.65, 28749
33, 751.48, 752.2, 751.25, 751.6423, 15539
34, 752.56, 752.96, 751.2728, 751.2728, 12241
35, 752.7, 753, 752.3201, 752.4, 14385
36, 752.13, 753, 752.12, 752.79, 10471
37, 752.44, 752.45, 751.77, 752.27, 14692
38, 751.53, 752.5, 751.28, 752.44, 28269
39, 750.53, 752, 750, 751.38, 137315
144, 749.64, 750, 749.12, 749.25, 10972
145, 749.32, 750.43, 746.97, 749.28, 55232
146, 750.39, 750.39, 747.94, 749.54, 23309
147, 748.25, 750.31, 747.5, 750.31, 23180
148, 749.545, 750.44, 747.92, 748.315, 17558
149, 749.5, 750.42, 749.06, 749.6262, 13900
150, 748.62, 749.89, 748.21, 749.2301, 15893
151, 749.36, 750.09, 748.2136, 748.57, 19269
152, 750.08, 750.53, 749.13, 749.13, 30288
153, 750.02, 750.85, 749.81, 750.41, 25243
154, 749.45, 750.26, 749.22, 750, 27479
155, 750.13, 750.25, 749.64, 749.9, 13097
156, 748.77, 750.35, 748.58, 750.16, 24621
157, 748.75, 749.29, 748.54, 748.91, 13356
158, 749.09, 749.16, 748.5938, 748.7468, 9938
159, 749.3925, 749.94, 749, 749, 28336
160, 748.22, 749.65, 748.09, 749.48, 13971
161, 749.07, 749.105, 747.87, 748.24, 20684
162, 749, 749.25, 748.5, 749.07, 19565
163, 748.235, 748.98, 748, 748.95, 20912
164, 747.91, 748.2343, 747.82, 748.035, 18741
165, 747.2, 748.0899, 746.69, 748.0899, 16942
166, 745.443, 747.35, 745.21, 747.2, 29504
167, 745.24, 745.381, 744.89, 745.23, 14535
168, 744.25, 745.45, 744.2, 745.26, 23900
169, 743.4732, 744.35, 743.15, 744.35, 35045
170, 743.57, 743.72, 743.03, 743.585, 29103
171, 743.35, 744.12, 743.1001, 743.55, 38452
172, 742.3325, 743.35, 741.69, 743.34, 23451
173, 742.64, 742.78, 741.59, 742.325, 17748
174, 742.52, 743.845, 742.46, 742.7, 23578
175, 742.431, 742.8899, 741.27, 742.41, 24463
176, 741.585, 742.36, 740.94, 742.26, 15745
177, 743.47, 744.32, 741.74, 742.0599, 24289
178, 744.37, 744.9506, 743.12, 743.535, 26055
179, 744.37, 744.71, 743.73, 744.43, 17625
180, 745.035, 745.69, 744.49, 744.56, 30331
181, 745.3346, 746.31, 745.18, 745.41, 35269
182, 745.99, 746, 743.98, 745.2861, 44484
183, 744.95, 745.8156, 744.03, 745.8156, 211538
288, 738.91, 738.91, 738.6, 738.6, 25561
289, 740.1, 740.91, 737, 738.5, 67030
290, 739.02, 740.99, 738.7, 740.15, 59548
291, 741.77, 742.4, 738.15, 739.07, 29828
292, 744.28, 744.5, 740.615, 741.77, 44447
293, 743.92, 744.79, 743.31, 744.33, 27956
294, 741.95, 744.3499, 741.68, 744.19, 23084
295, 744.59, 745.92, 741.95, 741.95, 32579
296, 744.81, 745.34, 744.28, 744.61, 21312
297, 745.55, 745.55, 743.46, 744.61, 20086
298, 745.27, 745.78, 744.54, 745.55, 22543
299, 745.55, 745.9, 744.7, 745.125, 14141
300, 747.18, 747.49, 745.02, 745.48, 15975
301, 748.5, 748.98, 747.16, 747.16, 23914
302, 748.2, 748.81, 747.657, 748.52, 31286
303, 747.2, 748.38, 746.68, 748.1667, 18407
304, 746.83, 747.73, 746.42, 747.44, 17972
305, 746.01, 747.24, 746.01, 746.985, 17355
306, 744.66, 746.37, 744.01, 746.1001, 34948
307, 745.0701, 745.94, 744.25, 744.585, 7656
308, 747.27, 747.59, 745.2543, 745.2543, 13581
309, 747.59, 747.92, 747.03, 747.14, 9536
310, 747.1815, 747.85, 746.83, 747.1, 7291
311, 747.75, 748.2, 747.16, 747.54, 20431
312, 747.83, 748.48, 747.28, 747.75, 8485
313, 748.7264, 748.7264, 747.864, 747.96, 6268
314, 747.57, 748.5, 747.57, 748.46, 13510
315, 747.25, 748.38, 747.2014, 747.83, 9696
316, 748.31, 748.31, 747.355, 747.66, 13793
317, 747.47, 748.3, 746.75, 748.1185, 24428
318, 747.57, 748.085, 746.82, 747.355, 24046
319, 748.125, 748.3, 746.7809, 747.41, 20502
320, 748.25, 748.8499, 748.04, 748.24, 23390
321, 748.61, 749, 748.22, 748.285, 19266
322, 748.44, 748.98, 748.04, 748.65, 42428
323, 748.5, 748.67, 747.8, 748.29, 14134
324, 748.58, 748.67, 748.025, 748.45, 19821
325, 749.07, 749.3, 748.3801, 748.59, 27575
326, 750.3, 750.34, 749.07, 749.28, 38466
327, 749.91, 750.32, 748.79, 750.15, 174306
720, 750.06, 750.06, 750.05, 750.06, 10486
721, 752.38, 752.5072, 747.31, 751.76, 58888
722, 748.93, 752.8, 748.55, 752.03, 42861
723, 748.87, 749.56, 747.05, 749.56, 27914
724, 747.985, 749.42, 746.95, 749, 26770
725, 746.47, 747.7808, 745.84, 747.75, 18175
726, 746.5654, 747.5, 746, 746.55, 12859
727, 745.82, 746.7, 745.12, 746.21, 26342
728, 744.93, 745.44, 744.29, 745.4268, 34850
729, 744.05, 745.2599, 744.035, 744.825, 9853
730, 744.196, 744.28, 743.22, 744, 12405
731, 743.49, 744.4346, 742.71, 744.4346, 14786
732, 743.38, 743.83, 742.97, 743.22, 22846
733, 744.34, 744.74, 743.0701, 743.51, 11477
734, 743.04, 744.24, 743.04, 744.15, 27350
735, 743.209, 743.32, 742.43, 743.08, 22381
736, 745.225, 745.62, 742.45, 742.65, 10899
737, 745.55, 746.04, 744.93, 745.3399, 7475
738, 745.045, 745.5235, 744.74, 745.12, 12316
739, 745.78, 746, 744.4758, 744.537, 6650
740, 746.461, 746.69, 745.3, 745.41, 18560
741, 745.57, 746.97, 745.48, 746.53, 3400
742, 746.72, 746.72, 744.915, 745.44, 8707
743, 745.525, 746.51, 745.2001, 746.51, 12616
744, 745.0129, 745.845, 745.0129, 745.3501, 2998
745, 744.4413, 745.45, 744.4413, 745.45, 4800
746, 745.1362, 745.1362, 744.56, 744.814, 5240
747, 744.08, 744.93, 744.08, 744.84, 2666
748, 743.135, 744.33, 743.135, 744.3106, 8954
749, 743.2581, 743.91, 742.79, 743, 8580
750, 743.88, 743.88, 743.1507, 743.4, 3792
751, 743.58, 744.39, 743.45, 744.155, 13678
752, 743.22, 744, 742.87, 744, 5469
753, 743.065, 743.7264, 742.7, 743.35, 7165
754, 744.25, 744.51, 742.83, 743.06, 32263
755, 743.68, 744.29, 743.08, 744.07, 13725
756, 742.75, 743.88, 742.75, 743.76, 6102
757, 743.65, 744.87, 742.93, 743.1, 33827
758, 744.22, 744.5, 743.01, 743.92, 22474
759, 745.29, 745.31, 743.92, 744.22, 148174
864, 737.1812, 738, 737.1812, 738, 16394
865, 742.19, 742.8, 737.5, 737.77, 63743
866, 736.16, 741.1892, 736.16, 741, 46802
867, 737.93, 738.2699, 735.37, 736.16, 41357
868, 738.66, 739.96, 737.005, 737.67, 32627
869, 739.47, 739.75, 738.08, 739.0599, 34064
870, 741.245, 741.72, 739.32, 739.39, 19414
871, 738.42, 741, 737.89, 741, 17105
872, 738.81, 739.2174, 737.18, 738.075, 18743
873, 738.021, 739.62, 737.58, 738.96, 19646
874, 737.91, 738.41, 737.41, 737.59, 7043
875, 738.66, 738.91, 737.69, 737.71, 19331
876, 740.1457, 740.67, 738.2101, 738.2101, 15871
877, 739.4, 740.9699, 739.37, 740.15, 12304
878, 738.44, 739.97, 738.3, 739.76, 36794
879, 738.12, 738.43, 737.71, 738.3, 12216
880, 738.5, 739.45, 738.1, 738.1, 14159
881, 737.02, 738.95, 737.02, 738.89, 9405
882, 736.51, 737.44, 736.34, 737.03, 15311
883, 737.3, 737.47, 736.4, 736.81, 14300
884, 737.22, 737.9802, 737.01, 737.43, 29653
885, 737.81, 738.35, 737.24, 737.38, 19120
886, 737.81, 738.63, 737.7, 738.03, 8218
887, 738.5, 739.46, 738.07, 738.1, 4495
888, 740.0801, 740.09, 738.5, 738.5, 8065
889, 738.75, 740.11, 738.38, 740.0901, 4685
890, 739.06, 739.38, 738.59, 738.95, 4900
891, 739.94, 741, 738.8522, 738.96, 7288
892, 739.01, 739.7228, 738.46, 739.65, 12857
893, 739.62, 739.62, 738.44, 738.95, 5835
894, 739.8101, 740.25, 738.59, 739.3975, 14231
895, 740.63, 740.69, 739.51, 739.6, 14883
896, 740.51, 740.9699, 740.35, 740.61, 7474
897, 741.01, 741.15, 740.7, 740.7, 8991
898, 739.81, 741.029, 739.695, 741.01, 9768
899, 740.12, 740.12, 739.2301, 739.9, 9297
900, 739.62, 740.26, 739.37, 740.26, 7707
901, 739.28, 740.09, 739.04, 739.52, 9263
902, 739.31, 739.5, 738.79, 739.49, 11452
903, 737.8, 739.58, 737, 739.31, 103443
0, 736.25, 736.33, 735.56, 735.77, 16552
1, 740.88, 742.94, 736.44, 736.785, 48066
2, 741.64, 741.94, 739.6, 740.91, 20525
3, 741.533, 742.52, 740.876, 741.55, 23908
4, 740.35, 742.2, 740.14, 741.33, 16785
5, 738.98, 741.1799, 738.66, 740.18, 17982
6, 737.79, 739.46, 737.62, 739.24, 19680
7, 739, 739.06, 737.16, 738.44, 11314
8, 740.2075, 740.78, 739.45, 739.5, 18629
9, 741.07, 741.09, 739.12, 740.27, 10157
10, 741.46, 741.57, 740.6805, 740.97, 18250
11, 741.92, 742.2, 741.3, 741.52, 23553
12, 743.06, 743.1, 741.9, 742, 21024
13, 741.99, 743.7453, 741.94, 743.21, 9669
14, 742.9, 742.99, 741.67, 742.2899, 20293
15, 742.82, 743.12, 742.2018, 742.55, 11203
16, 742.75, 743.61, 742.41, 743.08, 32241
17, 742.25, 742.78, 741.869, 742.76, 11139
18, 742.3401, 742.66, 742.16, 742.3, 3267
19, 741.92, 742.72, 741.74, 742.35, 7969
20, 741.8, 742.012, 741.5, 741.7, 5407
21, 741.26, 742.39, 741.26, 741.85, 7575
22, 741.855, 741.98, 741.05, 741.05, 8128
23, 741.59, 742.6377, 741.59, 742, 5043
24, 741.8605, 742.33, 741.72, 741.72, 8712
25, 742.36, 743, 741.8, 741.8, 9471
26, 742.99, 743.38, 742.43, 742.43, 7704
27, 742.0001, 743.23, 741.6751, 743.11, 8756
28, 741.545, 742.72, 741.23, 742.38, 13650
29, 742.75, 742.75, 741.25, 742, 9543
30, 741.84, 742.81, 741.2, 742.66, 7873
31, 741.18, 742.94, 740.8, 741.79, 11901
32, 741.43, 742.08, 740.79, 741.25, 4761
33, 742.73, 742.8, 741.25, 741.79, 6793
34, 743.8977, 744.24, 742.44, 742.98, 18520
35, 744.92, 745.11, 743.315, 744.08, 17202
36, 744.4946, 745, 743.782, 744.8705, 12412
37, 744.24, 745.19, 744.15, 744.49, 17497
38, 745.72, 745.85, 744.1301, 744.23, 21625
39, 745.69, 746.24, 745.3501, 745.68, 155651
144, 745.21, 745.37, 745.21, 745.37, 15218
145, 746.3, 746.9999, 743.7, 745.18, 48982
146, 744.44, 746.955, 744.16, 746.18, 80244
147, 744.32, 745.27, 743.73, 744.69, 39542
148, 745.24, 745.96, 742.77, 744.64, 18418
149, 743.43, 745.135, 742.82, 745.135, 19610
150, 742.315, 743.78, 741.76, 742.85, 22288
151, 742.8799, 743.05, 741.62, 741.78, 15956
152, 741.57, 742.26, 741.05, 742.11, 21863
153, 739.1, 741.505, 738.99, 741.505, 30669
154, 739.11, 739.95, 738.82, 739.2999, 22141
155, 740.61, 741, 739.02, 739.08, 26794
156, 740.67, 740.67, 739.315, 740.35, 13297
157, 741.32, 741.91, 740.415, 740.4968, 13239
158, 742.14, 742.14, 741, 741.455, 17945
159, 742.41, 742.52, 741.71, 742.1, 13860
160, 742.04, 742.605, 741.12, 742.41, 21342
161, 740.36, 741.775, 740.05, 741.775, 16707
162, 740.88, 740.93, 739.5, 740.16, 8846
163, 740.72, 741.14, 739.89, 740.84, 20588
164, 741.18, 741.28, 740.17, 740.83, 37950
165, 741.66, 742.18, 741.07, 741.21, 6149
166, 742.48, 742.66, 741.5, 741.65, 6633
167, 742.01, 743.37, 741.93, 742.87, 4500
168, 741.9086, 742.66, 741.9086, 742.02, 2150
169, 740.59, 742.15, 740.2, 741.82, 9380
170, 739.43, 740.8275, 739.19, 740.62, 10205
171, 738.1, 739.395, 738.1, 739.32, 15574
172, 737.16, 738.406, 737.16, 738, 22172
173, 737.1, 738.26, 737.1, 737.42, 14634
174, 737.445, 738.14, 736.455, 737.451, 28508
175, 737.94, 738.53, 737.5, 737.51, 17325
176, 736.51, 738.03, 736.49, 737.95, 19700
177, 736.97, 737.69, 736.28, 736.58, 8422
178, 738.99, 739.17, 736.51, 736.65, 13026
179, 738.43, 739.6799, 738.36, 739.13, 20330
180, 739.275, 739.975, 738.37, 738.42, 13582
181, 738.4669, 740.2642, 738.21, 739.48, 14017
182, 739.73, 740.24, 738.07, 738.76, 31939
183, 740.28, 740.6, 738.194, 739.59, 243100
288, 742.53, 743.97, 742.53, 743.97, 15036
289, 744.92, 745.45, 743.01, 743.99, 44686
290, 742.2975, 745.22, 740.69, 744.7, 57885
291, 743.3, 743.53, 740.03, 742.8975, 54251
292, 744.59, 744.6, 741.5, 743.63, 47797
293, 744.32, 745.3, 743.6, 744.7, 19101
294, 742.885, 744.7064, 742.64, 744.1903, 12255
295, 741.59, 742.99, 740.88, 742.99, 25897
296, 740.9807, 742, 740.69, 741.25, 20766
297, 739.97, 740.92, 739, 740.92, 26639
298, 740.891, 741.3, 739.865, 739.865, 17196
299, 739.82, 741.37, 739.5, 740.93, 8858
300, 738.61, 740.1799, 738.5, 740.04, 20772
301, 736.78, 738.71, 736.36, 738.6, 38025
302, 736.36, 738.15, 736.36, 737.0005, 23460
303, 738.35, 738.45, 735.64, 736.5, 33623
304, 737.76, 738.79, 737.05, 738.27, 20269
305, 737.1335, 737.8, 736.62, 737.58, 13327
306, 735.96, 737.59, 735.96, 737.44, 7743
307, 737.1245, 737.26, 735.7, 735.88, 8027
308, 737.71, 737.71, 736.75, 736.99, 10732
309, 738.23, 738.4, 737.4001, 737.77, 12974
310, 737.18, 738.5, 736.98, 738.24, 7759
311, 736.12, 737.47, 736.12, 737.13, 5712
312, 735.65, 737.14, 735.58, 736.11, 11697
313, 737.39, 737.39, 735.55, 735.55, 9653
314, 736.92, 737.43, 736.56, 737.34, 4981
315, 738.0375, 738.0375, 736.59, 736.59, 9970
316, 738.61, 738.61, 737.27, 738.07, 6583
317, 738.83, 739.33, 738.26, 738.71, 10946
318, 739.04, 739.2089, 738.44, 738.8189, 7540
319, 738, 739.12, 737.805, 739, 8337
320, 737.77, 738.3125, 737.345, 738.1986, 15190
321, 737.6, 738.09, 736.76, 737.72, 10680
322, 736.49, 737.94, 736.45, 737.6, 10906
323, 736.79, 737.1, 736.5, 736.62, 10669
324, 736.62, 737.67, 736.57, 737.12, 10788
325, 737.36, 737.36, 736, 736.67, 30739
326, 738.45, 738.52, 736.61, 737.29, 18483
327, 739.15, 739.19, 737.63, 738.39, 132719
720, 743.03, 743.03, 742.81, 743.02, 12911
721, 740.82, 744.75, 740.6901, 743.54, 51131
722, 742.03, 742.2325, 738.5, 740.8565, 41703
723, 742, 742.81, 741.26, 742.24, 16768
724, 743.58, 744.13, 741.0617, 742.01, 18901
725, 744.32, 744.5, 743.34, 743.78, 12100
726, 742.6, 744.05, 742.51, 744.05, 40094
727, 743.57, 743.63, 742, 742.91, 22138
728, 740.27, 743.74, 740.27, 743.61, 17708
729, 739.69, 741.6332, 739.69, 740.4, 17270
730, 739.33, 740.27, 738.35, 739.7639, 40525
731, 741.2, 741.2, 739, 739.4708, 25833
732, 741.56, 742, 740.8, 740.9325, 13858
733, 740.26, 741.78, 739.2, 741.78, 10901
734, 740.46, 741.04, 739.92, 740.31, 6479
735, 741.6, 741.6, 740, 740.8, 12089
736, 741.14, 741.74, 740.84, 741.74, 8275
737, 741.9, 741.9, 740.85, 741.05, 9558
738, 742.59, 742.59, 741.51, 741.91, 20120
739, 742.09, 742.88, 741.72, 742.6059, 7110
740, 743.445, 743.66, 742, 742, 9109
741, 744.66, 744.7, 743.1701, 743.39, 13815
742, 744.53, 744.75, 743.77, 744.75, 22021
743, 744.46, 744.9, 744.37, 744.5, 15508
744, 744.11, 744.75, 743.9, 744.485, 12491
745, 743.8, 744.92, 743.8, 744.25, 18289
746, 743, 744.02, 742.9214, 743.75, 11687
747, 742.82, 743.42, 742.42, 743, 21307
748, 742.07, 743.755, 742, 742.96, 16557
749, 742.95, 743.27, 741.82, 742.27, 8743
750, 741.86, 743.17, 741.82, 743.17, 18133
751, 743.88, 743.88, 741.745, 741.86, 9815
752, 743.31, 743.89, 742.92, 743.5, 7405
753, 744.83, 745, 743.62, 743.62, 20451
754, 741.9795, 744.94, 741.56, 744.84, 14256
755, 741.35, 742.49, 741.29, 741.97, 8660
756, 738.74, 741.27, 738.74, 741.13, 34218
757, 738.34, 739.52, 738.12, 738.91, 17795
758, 737.48, 738.82, 737.33, 738.61, 26760
759, 736.1, 738.53, 736.05, 737.71, 95950
864, 738, 738, 738, 738, 9529
865, 734.98, 738.4596, 734.1701, 737.42, 45025
866, 735.421, 735.9999, 731.01, 735.07, 60662
867, 734.85, 737.18, 734.25, 734.98, 33277
868, 733, 736.25, 733, 734.94, 15641
869, 732.59, 733.65, 731.525, 733, 29435
870, 733.35, 733.66, 732.29, 732.46, 19062
871, 733.53, 735.7, 733.23, 733.505, 42304
872, 733.09, 734.3, 732.96, 733.83, 40213
873, 736.13, 736.5, 732.98, 732.98, 28844
874, 736.8382, 737, 735.8, 736.3183, 21036
875, 738.5378, 738.5378, 735.95, 736.989, 15938
876, 737.45, 738.85, 737.29, 738.503, 18650
877, 738.7599, 738.7599, 737.36, 737.39, 17836
878, 738.1745, 739, 737.619, 738.6, 18205
879, 737.94, 738.87, 737.643, 738.23, 18364
880, 738.35, 739, 738.07, 738.18, 22031
881, 737.97, 738.88, 737.6, 738.52, 4546
882, 737.5, 738.44, 737.5, 737.625, 16512
883, 738.37, 738.8, 737.64, 737.64, 11630
884, 738.8, 738.8, 738.14, 738.36, 6768
885, 739.45, 740.16, 738.7801, 738.8, 8774
886, 739.6, 740, 738.49, 739.73, 12528
887, 738.59, 739.76, 738.32, 739.6, 16680
888, 738.035, 738.98, 738, 738.48, 18257
889, 738, 739.35, 737.14, 738.28, 19244
890, 739.42, 739.5, 738.02, 738.26, 19958
891, 739.6971, 740.4504, 739.02, 739.33, 13581
892, 740.47, 740.47, 739.7859, 739.9494, 8026
893, 741.69, 742.25, 740.46, 740.47, 24841
894, 740.544, 742.05, 740.46, 741.8, 19874
895, 741.71, 741.96, 740.24, 740.54, 10732
896, 742.26, 742.79, 741.67, 741.74, 9988
897, 742.46, 742.46, 741.63, 741.6401, 8798
898, 743.18, 743.5497, 742.26, 742.47, 19768
899, 743.42, 743.83, 742.8645, 743.38, 9761
900, 743, 743.54, 741.88, 743.42, 34645
901, 743.09, 743.37, 742.23, 742.59, 49478
902, 741.72, 743.71, 741.4401, 742.99, 18947
903, 743.09, 743.5, 741.7387, 741.7387, 86730
0, 748.755, 749.18, 748.755, 749.16, 13476
1, 748.05, 749.82, 747.66, 749.01, 65818
2, 749.93, 750.4, 748.02, 748.02, 41093
3, 752.315, 752.45, 749.93, 749.93, 42319
4, 752.265, 752.75, 751.83, 752.47, 25873
5, 753.88, 754.25, 752.09, 752.46, 38068
6, 751.91, 754.38, 751.6701, 753.64, 29141
7, 750.89, 752.93, 750.12, 752.48, 31093
8, 750.36, 751.82, 749.79, 750.52, 31897
9, 750.34, 751.4099, 749.521, 750.37, 25710
10, 750.64, 750.75, 749.7501, 750.3801, 16467
11, 751, 751, 749.005, 750.63, 24227
12, 752.45, 752.62, 750.8909, 750.8909, 26314
13, 752.799, 753.24, 751.77, 752.42, 14430
14, 750.93, 752.94, 750.93, 752.7262, 20950
15, 748.18, 750.93, 744.261, 750.93, 77486
16, 747.78, 748.3443, 745.25, 748.305, 55780
17, 748.75, 749.91, 747.6601, 747.725, 24914
18, 749.53, 749.97, 748, 748.56, 25515
19, 749.25, 749.675, 748.55, 749.5, 7564
20, 749.075, 750.3399, 748.62, 749.17, 22276
21, 749.3, 750.26, 748.9301, 748.9301, 10410
22, 747.84, 748.86, 747.24, 748.86, 11065
23, 747.6, 748.4, 747, 748.3491, 20224
24, 748.45, 748.66, 747.25, 747.605, 11869
25, 748.77, 749.575, 747.49, 748.33, 18011
26, 747.85, 749.3099, 747.52, 748.98, 4481
27, 747.93, 748.07, 746.97, 747.53, 16608
28, 748.96, 749.14, 746.256, 747.88, 27348
29, 748.2, 749.35, 747.23, 748.79, 15415
30, 747.2, 748.78, 746.91, 748.09, 15717
31, 747.39, 748.2, 747.2401, 747.77, 8313
32, 747.59, 748, 747.11, 747.46, 6721
33, 747.215, 747.82, 746.99, 747.433, 16584
34, 749.07, 749.24, 747.21, 747.255, 17066
35, 748.91, 749.596, 748.7201, 749.21, 12866
36, 749.41, 749.41, 748.55, 748.92, 16699
37, 752.1, 753.11, 749.14, 749.15, 62915
38, 750.7, 752.23, 750.4894, 751.875, 41252
39, 751.72, 751.85, 750.4904, 750.71, 199604
144, 754.01, 754.01, 754.01, 754.01, 14627
145, 753.0735, 755, 753, 754, 47570
146, 753.59, 754.19, 752.9, 752.961, 23298
147, 754.24, 754.72, 753.25, 753.4558, 22848
148, 753.97, 754.97, 753.94, 754.36, 16939
149, 754.95, 755.37, 753.7701, 753.9199, 21014
150, 755.53, 755.85, 755, 755.0714, 22878
151, 756.1819, 756.335, 755.43, 755.5, 18225
152, 754.59, 756.64, 754.59, 756.12, 26425
153, 756.2301, 757.27, 754.44, 754.73, 22935
154, 756.215, 756.64, 755.97, 756.18, 10860
155, 756.11, 756.69, 755.74, 756.315, 11483
156, 754.82, 756.37, 754.53, 756.37, 13951
157, 756.14, 756.14, 754.5, 755.06, 19688
158, 757.09, 757.31, 755.82, 756.2514, 19725
159, 756.72, 757.18, 756.4, 757.18, 10958
160, 755.63, 756.49, 755.29, 756.49, 19364
161, 756.34, 756.46, 755.61, 755.76, 15750
162, 756.5, 756.6, 755.66, 756.17, 17223
163, 756.385, 756.66, 755.16, 755.99, 6874
164, 756.39, 757, 755.785, 756.08, 13891
165, 756.38, 756.64, 755.95, 756.4, 3875
166, 756.71, 757.24, 756.44, 756.68, 6988
167, 755.96, 756.57, 755.885, 756.214, 4500
168, 755.73, 756.1098, 755.12, 755.82, 8575
169, 755.1, 755.73, 755.1, 755.7074, 3536
170, 754.325, 755.15, 754.32, 755.01, 16661
171, 753.94, 754.4999, 753.5, 754.485, 12395
172, 754.49, 754.49, 753.64, 754, 5950
173, 754.5934, 754.7, 754.09, 754.49, 5743
174, 754, 754.86, 753.92, 754.67, 13157
175, 753.4, 754.35, 752.705, 754, 39655
176, 754.61, 754.9799, 753.21, 753.21, 10788
177, 754.74, 755.3, 754.4, 754.44, 10215
178, 755.35, 755.79, 754.7, 754.7, 11254
179, 755, 755.65, 754.02, 755.35, 8908
180, 754.7, 755.5, 754.04, 755.04, 10279
181, 754.86, 755.32, 754.24, 754.54, 14675
182, 753.67, 754.9, 753.56, 754.6164, 35263
183, 753.2, 753.93, 752.78, 753.59, 193208
288, 753.98, 753.98, 753.98, 753.98, 138385
289, 756.05, 756.8, 752.6938, 754.31, 41785
290, 757.225, 757.495, 755.1761, 755.94, 45159
291, 758.11, 758.452, 756.93, 756.93, 56908
292, 759.17, 759.58, 757.4, 758.01, 50726
293, 759.11, 759.11, 757.75, 758.92, 31698
294, 759.51, 759.63, 758.4611, 759.0175, 21546
295, 759.93, 760.31, 759.19, 759.36, 35326
296, 760.185, 760.73, 759.83, 760, 20455
297, 760.01, 760.76, 759.1, 760.14, 35178
298, 760.16, 761, 759.74, 760.098, 29213
299, 760.6, 760.61, 759.965, 760.31, 15969
300, 759.54, 760.75, 759.26, 760.6, 11514
301, 758.635, 759.68, 758.6, 759.63, 16084
302, 758.7875, 758.7875, 758.21, 758.63, 9100
303, 759.32, 760.27, 758.51, 758.52, 16411
304, 759.52, 759.67, 758.56, 759.29, 16537
305, 759.86, 759.92, 759.03, 759.58, 15015
306, 759.85, 760.3564, 759.575, 759.88, 21753
307, 759.227, 759.66, 758.89, 759.66, 11305
308, 759.18, 759.23, 758.664, 759, 13770
309, 758.69, 759.4999, 758.5842, 759.17, 10298
310, 758.635, 758.96, 758.14, 758.83, 14418
311, 758.25, 758.84, 758.01, 758.55, 15679
312, 758.38, 758.75, 757.99, 758.23, 19275
313, 758.12, 758.6593, 757.74, 758.495, 18670
314, 758.0025, 758.51, 757.86, 757.88, 12583
315, 758.08, 758.25, 757.78, 758.02, 15364
316, 758.52, 758.9499, 757.93, 757.97, 24918
317, 758.72, 758.72, 757.84, 758.68, 15446
318, 759, 759.61, 758.51, 758.7, 17370
319, 759.15, 759.395, 758.45, 759.2943, 25450
320, 759.5, 759.76, 759.045, 759.1, 18850
321, 760.21, 760.21, 759.49, 759.5687, 24085
322, 760.22, 760.69, 760.04, 760.24, 41654
323, 759.25, 760.17, 758.95, 760.17, 48118
324, 759.87, 759.97, 759.17, 759.17, 32924
325, 759.49, 760.544, 759.4601, 759.85, 25561
326, 759.71, 759.8599, 759.2301, 759.48, 29213
327, 759, 759.98, 758.94, 759.54, 243962
720, 760.1, 760.46, 760.01, 760.46, 18069
721, 758.59, 760.645, 757.61, 759.82, 29366
722, 758.82, 759.95, 757.3, 758.38, 39426
723, 761.59, 762, 758.84, 758.9932, 43691
724, 767.7663, 768, 762.14, 762.14, 62145
725, 765.16, 767.5, 764.88, 767.385, 57403
726, 764.945, 766.06, 764.76, 765.23, 32663
727, 764.79, 766.595, 764.5, 764.9675, 30728
728, 764.52, 765.27, 764.14, 764.85, 30842
729, 764.65, 765.31, 764.37, 764.8, 17195
730, 765.08, 765.66, 764.22, 764.52, 19087
731, 765.93, 766.9, 765.24, 765.24, 18733
732, 764.96, 766.54, 764.5, 766.31, 12986
733, 763.3511, 764.9, 763.2, 764.9, 16281
734, 763.05, 764.08, 762.47, 763.66, 15518
735, 762.2999, 763.25, 761.51, 763.2087, 23840
736, 763.1922, 763.8, 762, 762, 14345
737, 762.85, 763.77, 762.42, 763.42, 21631
738, 764.26, 765.12, 763, 763, 15913
739, 765.85, 766.1463, 764.61, 764.74, 9439
740, 766.65, 766.674, 765.56, 765.9858, 9315
741, 765.63, 767.37, 765.63, 766.8, 9987
742, 764.8, 765.61, 764.24, 765.61, 9351
743, 764, 764.84, 763.66, 764.66, 6755
744, 763.55, 764.79, 763.55, 764.15, 7432
745, 765.07, 765.335, 763.77, 763.77, 16653
746, 766.39, 767.54, 765.29, 765.3, 14699
747, 768, 768, 765.8, 766.3801, 9638
748, 767.315, 768.05, 766.86, 767.78, 10584
749, 767.62, 767.8866, 766.825, 767.48, 10442
750, 767.1801, 767.75, 766.85, 767.66, 9497
751, 766.74, 767.4271, 766.2101, 767.2994, 12168
752, 766.746, 766.746, 765.58, 766.67, 14535
753, 765.67, 766.9, 765.36, 766.5201, 5509
754, 766.22, 766.62, 765.4, 765.67, 14512
755, 765.71, 766.3299, 765.5, 766.3258, 13260
756, 765.6, 765.7975, 764.69, 765.71, 10436
757, 766.15, 766.685, 765.4, 765.67, 15848
758, 766.62, 766.99, 765.81, 766.0368, 29274
759, 766.61, 766.87, 765.78, 766.62, 111356
864, 769.7, 769.89, 769.51, 769.51, 16518
865, 760.34, 769.9, 759.58, 769.245, 83100
866, 756.675, 760.69, 756.06, 760.47, 77990
867, 756.38, 757.0675, 754.23, 756.7, 74065
868, 757, 757.62, 754.8, 756.375, 64543
869, 759.78, 760.07, 757, 757.08, 83004
870, 762.42, 762.46, 759.22, 759.62, 33490
871, 760.4, 763.24, 760.1224, 762.47, 30494
872, 759.66, 761.43, 759.22, 760.34, 28963
873, 759.4899, 760.15, 758.7, 759.93, 37374
874, 759.09, 759.53, 758.82, 759.49, 11304
875, 759.11, 759.11, 758.24, 759.045, 20569
876, 757.58, 759.21, 757.54, 759.13, 19763
877, 757.38, 757.93, 756.56, 757.58, 21891
878, 755.72, 757.57, 755.72, 757.36, 15436
879, 752.45, 755.72, 752.25, 755.7, 39937
880, 751.55, 752.75, 751.46, 752.57, 20963
881, 750.64, 752.33, 750.37, 751.77, 18441
882, 750.2, 750.8588, 749.33, 750.8588, 26627
883, 752.95, 752.98, 749.99, 750.395, 27210
884, 752.44, 753.24, 751.3701, 752.49, 29488
885, 756.26, 756.26, 751.91, 752.37, 27216
886, 754.91, 755.86, 754.75, 755.86, 15359
887, 755.19, 756.19, 754.69, 754.89, 16276
888, 755.86, 756.3169, 755.18, 755.4527, 18722
889, 755.33, 756.43, 755.33, 756.11, 10358
890, 756.14, 756.14, 754.1, 755.57, 33122
891, 756.98, 756.99, 755.835, 755.9, 11281
892, 756.34, 757.61, 755.71, 756.97, 22608
893, 756.22, 756.91, 755.514, 756.44, 12667
894, 754.41, 756.35, 754.25, 756.01, 15829
895, 753.675, 754.6023, 753.22, 754.06, 13257
896, 753.92, 754.63, 753.255, 753.78, 14861
897, 753.3786, 754.27, 753.04, 753.95, 21978
898, 753.63, 754.085, 752.55, 753.12, 13402
899, 753.9, 754.84, 753.4, 753.9, 18463
900, 755.09, 755.56, 753.63, 754.13, 20643
901, 755.615, 756.205, 754.87, 755.24, 19861
902, 754.25, 755.34, 753.73, 755.34, 37758
903, 753.93, 754.72, 753.33, 754.27, 172090
0, 757.76, 758, 757.76, 758, 18025
1, 752.93, 758.1315, 752.15, 757.76, 45539
2, 751.68, 754.23, 751.37, 753.3, 35626
3, 752.95, 756.31, 751.84, 751.84, 40975
4, 752.7, 754.6, 752.22, 752.901, 15876
5, 753.65, 754.2828, 752.262, 752.51, 23930
6, 752.11, 754.29, 751.58, 753.55, 29988
7, 751.77, 753.0652, 750.63, 752.28, 27677
8, 752.48, 752.9, 750.01, 751.76, 29998
9, 752.33, 752.98, 751.26, 752.5, 35112
10, 755.26, 756.15, 752.29, 752.59, 32533
11, 756.275, 756.35, 753.875, 755.63, 25486
12, 756, 757.23, 755.5401, 756.39, 25297
13, 755.34, 755.84, 755.085, 755.84, 13677
14, 755.11, 755.58, 754.79, 755.465, 17803
15, 753.21, 755.49, 753.1, 754.81, 23882
16, 753.75, 754.69, 753.25, 753.54, 13671
17, 753.38, 754.03, 753, 753.92, 18749
18, 753.24, 753.59, 752.45, 753.44, 16446
19, 753.24, 753.625, 752.502, 753.13, 15795
20, 751.61, 753.505, 750.74, 753.02, 28157
21, 752.151, 752.4899, 750.7755, 751.46, 31811
22, 751.15, 752.929, 750.69, 752.27, 25627
23, 751.58, 752.26, 750.59, 751.15, 19118
24, 751.82, 752.005, 751.15, 751.46, 16615
25, 752.145, 753.1, 751.69, 751.71, 33810
26, 753.05, 753.2041, 751.21, 752.23, 18690
27, 753.7, 754, 753.06, 753.43, 24258
28, 754.58, 754.58, 753.28, 753.4, 14222
29, 755.35, 755.75, 754.4203, 754.5599, 15573
30, 755.13, 756.97, 755.031, 755.357, 15339
31, 755.6325, 756.4, 755.27, 755.34, 11829
32, 754.3825, 755.99, 754, 755.68, 15230
33, 754.66, 754.9772, 753.55, 754.38, 15998
34, 755.16, 755.4299, 754.3975, 754.52, 20928
35, 753.89, 755.4663, 753.6364, 755.26, 11384
36, 753.67, 754.38, 753.59, 753.98, 23166
37, 753.24, 754.02, 753.01, 753.6882, 25816
38, 752.82, 754, 752.82, 753.24, 50908
39, 752.67, 753.67, 751.81, 752.8, 151608
144, 755.38, 755.38, 755.38, 755.38, 9799
145, 754.39, 756.24, 754.38, 755.2, 79685
146, 750.355, 755.51, 750.11, 754.4, 45092
147, 751.25, 751.9, 749.55, 750.7, 60619
148, 751.8248, 752.5, 751.25, 751.25, 29404
149, 752.03, 752.03, 751.07, 751.5, 24022
150, 753.585, 753.69, 751.75, 751.8978, 36798
151, 755.18, 755.46, 753.52, 753.565, 42880
152, 758.5367, 759.3874, 755.26, 755.26, 58533
153, 758.59, 759.5, 758, 758.78, 25568
154, 757.265, 759.45, 756.63, 758.75, 25061
155, 755.195, 757.48, 754.5, 757.39, 37356
156, 757.52, 758.55, 754.82, 755.26, 34179
157, 756.76, 757.89, 756.19, 757.68, 27971
158, 758.54, 758.95, 756, 756.78, 35456
159, 758.6274, 760, 758.25, 758.53, 25127
160, 757.28, 758.91, 757.21, 758.515, 20938
161, 757.23, 758.06, 756.81, 757.31, 12285
162, 757.94, 758.15, 757.3097, 757.395, 10138
163, 757.9, 758.96, 757.5, 757.9, 34824
164, 758, 759, 757.76, 757.96, 14701
165, 757.2099, 757.9999, 756.53, 757.83, 18778
166, 757.39, 758.26, 756.59, 757.16, 32426
167, 756.815, 757.6, 756.36, 757.42, 21424
168, 756.63, 757.5199, 756.5, 756.9073, 18485
169, 757.92, 757.93, 756.2485, 756.36, 31349
170, 757.7885, 758.49, 757.08, 758.02, 19199
171, 757.56, 757.9, 756.93, 757.9, 20358
172, 756.93, 758.492, 756.26, 757.8, 35821
173, 756.08, 757.54, 755.8, 756.9483, 27784
174, 755.94, 756.72, 755.55, 756.1, 26042
175, 754.83, 756, 754.27, 755.96, 28445
176, 755.49, 755.56, 754.62, 754.75, 31671
177, 755.8, 756.71, 755.5, 755.91, 39017
178, 756.68, 757.28, 755.545, 755.575, 35240
179, 757.62, 757.9, 756.23, 756.68, 33647
180, 757.57, 758.45, 757.43, 757.5, 47091
181, 757.91, 759.335, 757.59, 757.59, 51971
182, 758.655, 759.11, 757.8001, 757.89, 95710
183, 759.14, 760.45, 757.9, 758.6, 167403
288, 726.3, 726.3, 725.46, 726.3, 40805
289, 729.36, 736.12, 725, 725.61, 534322
290, 725.09, 730, 724.57, 729.45, 353293
291, 720.43, 726.29, 719.96, 725.09, 344988
292, 722.15, 725.54, 720.43, 720.61, 233647
293, 718.06, 722.93, 718, 722.29, 152833
294, 716.56, 718.4702, 715.11, 718.4702, 174328
295, 717.47, 719.4, 715.8, 716.4, 203324
296, 715.19, 717.87, 713.62, 717.16, 171193
297, 716.35, 716.6, 713.61, 715.28, 115415
298, 716.9001, 717.44, 715.72, 716.59, 59677
299, 716.64, 717.34, 715.1201, 716.91, 38077
300, 715.505, 717.31, 715, 716.68, 65914
301, 716.92, 718.11, 715.36, 715.97, 66772
302, 718.24, 718.77, 716.25, 716.77, 80264
303, 716.715, 718.7741, 716.56, 718.23, 65484
304, 716.46, 716.9, 715.28, 716.9, 74961
305, 716.96, 717.36, 715.61, 716.22, 53125
306, 716.2, 717.72, 715.93, 716.94, 37543
307, 716.45, 717, 716.02, 716.155, 49927
308, 715.3, 716.445, 714.5, 716.37, 64722
309, 715.38, 716.26, 714.65, 715.43, 22082
310, 717.0365, 717.0752, 715.66, 715.68, 24416
311, 717.14, 717.39, 716.0101, 716.96, 28905
312, 717.2765, 717.57, 716.59, 717.16, 28063
313, 718.208, 718.39, 717.142, 717.142, 41429
314, 720.25, 720.96, 718.04, 718.15, 70640
315, 719.35, 720.8, 719.35, 720.21, 47840
316, 719.1003, 720, 718.75, 719.22, 43199
317, 719.71, 719.76, 718.73, 719.26, 37321
318, 720.33, 720.5958, 719.61, 719.8, 33533
319, 719.77, 720.87, 719.43, 720.26, 55062
320, 720.03, 720.86, 719.68, 719.71, 38963
321, 720.83, 720.97, 719.791, 719.86, 35584
322, 721.005, 721.62, 720.23, 720.9299, 47211
323, 720.33, 721.95, 720.14, 721.26, 46787
324, 721.88, 722.17, 720.38, 720.38, 46411
325, 720.06, 722.5, 720, 722.01, 85279
326, 719.43, 720.16, 719, 720.11, 103412
327, 718.77, 720.1, 717.58, 719.5, 450584
720, 715.99, 716.1, 715.98, 716.1, 32355
721, 721.44, 721.69, 715.59, 715.59, 84265
722, 721.54, 722.67, 719.71, 721.4, 91016
723, 721.38, 721.6392, 720.37, 721.63, 47032
724, 721.01, 721.86, 720.22, 721.145, 39318
725, 718.34, 721.07, 717.8725, 720.97, 41344
726, 717.825, 718.7181, 717.2, 718.24, 48032
727, 718.775, 720.21, 716.708, 717.849, 53091
728, 720.76, 720.82, 718.3501, 718.54, 17130
729, 719.3699, 721.28, 718.85, 720.46, 34676
730, 719.4186, 720.49, 718.86, 719.07, 15370
731, 719.26, 719.5, 718.11, 719.32, 33349
732, 719.3899, 720.48, 718.49, 719.33, 18826
733, 717.45, 718.94, 717.19, 718.94, 17330
734, 717.94, 718.61, 717.26, 717.45, 19132
735, 717.8, 718.52, 717.4736, 717.5473, 10247
736, 717.82, 718.3, 717.48, 717.73, 10732
737, 719.31, 719.36, 717.25, 717.76, 25282
738, 719.271, 719.55, 718.62, 719.06, 13815
739, 718.93, 719.85, 718.8, 719.1845, 21446
740, 719.514, 719.62, 718.8001, 719.205, 10942
741, 719.69, 721.2, 719.42, 719.63, 26823
742, 719.68, 720.3, 719.41, 719.73, 11949
743, 720.7065, 721.5, 719.49, 719.55, 20078
744, 721.59, 722.37, 720.69, 720.999, 20632
745, 722.47, 722.47, 721.31, 721.69, 20519
746, 722.31, 723.44, 721.82, 722.44, 36132
747, 723.56, 723.93, 722.22, 722.22, 17578
748, 721.17, 723.89, 720.9, 723.655, 24199
749, 720.8, 721.575, 720.59, 721.0505, 19303
750, 722.58, 722.58, 720.35, 720.96, 19872
751, 721.88, 722.67, 721.13, 722.58, 10608
752, 721.36, 722.66, 721.36, 721.57, 15896
753, 722.87, 723.3, 721.29, 721.5, 21607
754, 721.2364, 723.4985, 721.0801, 722.75, 15033
755, 721.7354, 722.12, 720.75, 721.0364, 18640
756, 720.84, 721.77, 720.19, 721.48, 19552
757, 721.653, 722.42, 720.36, 720.44, 28055
758, 721.88, 722.22, 720.8472, 721.6508, 36981
759, 723.15, 723.37, 721.19, 721.93, 237385
864, 725.38, 725.42, 725.38, 725.42, 23969
865, 723.62, 725.766, 721.17, 725.46, 86210
866, 723.02, 723.665, 721.3, 723.665, 58432
867, 721.5, 723.21, 720.86, 723.21, 48434
868, 717.31, 721.59, 717.3, 721.565, 47488
869, 719.01, 719.77, 716.9099, 717.5, 61822
870, 716.7, 718.7, 716.7, 718.67, 42317
871, 718.18, 719.626, 716.59, 716.7, 35765
872, 717.18, 719.648, 717.18, 717.86, 25915
873, 718.21, 718.59, 716.63, 717.26, 28262
874, 717.349, 718.49, 717.11, 718.49, 19137
875, 717.1, 717.7148, 716.79, 717.3401, 33546
876, 716.84, 717.9, 716.65, 717.27, 23961
877, 717, 717.3446, 716.18, 716.95, 19470
878, 717.62, 717.725, 716.3391, 717.11, 20106
879, 716.78, 717.51, 716.71, 717.43, 13339
880, 717.38, 718.25, 716.86, 716.88, 31249
881, 717.58, 717.805, 717.052, 717.5326, 20601
882, 717.75, 717.99, 717.5, 717.73, 17954
883, 716.91, 717.795, 716.9, 717.573, 16794
884, 716.2, 716.975, 716.19, 716.9, 11156
885, 715.88, 716.72, 715.81, 716.22, 18978
886, 715.63, 716.32, 715.45, 716.1486, 19125
887, 715.7016, 716.02, 715.33, 715.7431, 28740
888, 714.72, 715.74, 714.37, 715.66, 44894
889, 714.459, 715, 714.17, 714.75, 33646
890, 712.91, 714.54, 712.88, 714.4, 36144
891, 713.18, 713.5489, 712.1, 712.96, 36504
892, 712.24, 713.78, 712.1561, 713.409, 30736
893, 712.8, 713.13, 712.14, 712.17, 29846
894, 709, 712.94, 708.64, 712.83, 59645
895, 710.59, 710.59, 708.9201, 709, 47177
896, 709.6, 710.65, 709.13, 710.3, 53184
897, 705.93, 709.6, 705.501, 709.6, 103580
898, 705.5, 707.82, 705.5, 705.94, 84820
899, 704.29, 706.56, 704.138, 705.41, 128012
900, 704.82, 705.05, 703.0264, 704.31, 136038
901, 707.7556, 708.93, 704.8, 704.85, 116098
902, 707.26, 708.72, 707.11, 707.8987, 69644
903, 708.14, 708.34, 706.63, 707.65, 243461
0, 707.29, 707.29, 707.29, 707.29, 21486
1, 704, 708.98, 703.14, 707.285, 94049
2, 699.885, 704.962, 699.71, 704.26, 97215
3, 698.78, 700.78, 697.93, 699.945, 106508
4, 695.44, 699.09, 694.84, 698.93, 105322
5, 692.49, 695.61, 692.3651, 695.25, 142714
6, 694.47, 695.35, 692.51, 692.63, 68182
7, 694.44, 696.46, 694.14, 694.47, 53896
8, 695.26, 695.34, 693.43, 694.3, 96299
9, 698.66, 698.66, 695.27, 695.27, 86112
10, 699.13, 700.355, 698.45, 698.7, 55921
11, 700.77, 700.8, 698.15, 699.19, 31897
12, 701.58, 701.63, 700.236, 700.79, 42790
13, 701.5407, 702.37, 701.5, 701.87, 26894
14, 702.67, 702.805, 701.15, 701.76, 27686
15, 702.5925, 703, 702.17, 702.6001, 22553
16, 701.76, 702.24, 701.59, 702.16, 22994
17, 700.7, 701.8, 700.555, 701.76, 21526
18, 700.9, 701.1999, 700.36, 700.55, 31487
19, 699.93, 700.85, 699.215, 700.85, 21652
20, 699.7, 700.02, 699.06, 699.84, 9115
21, 698.93, 700.11, 698.525, 699.7, 13324
22, 698.7, 699.31, 698.14, 698.7401, 12814
23, 697.79, 698.94, 697.52, 698.615, 18493
24, 696.56, 697.92, 696.56, 697.7028, 20050
25, 696.88, 697.34, 696.3, 696.97, 15260
26, 696.95, 697.71, 696.8, 697, 18562
27, 696.4, 697.435, 696.4, 696.8, 17010
28, 697.78, 697.8, 694.42, 696.6, 70766
29, 697.63, 698.28, 696.57, 697.65, 30659
30, 697.65, 697.95, 696.005, 697.63, 22231
31, 695.86, 697.675, 695.329, 697.675, 21549
32, 697.35, 697.51, 695.41, 695.86, 33474
33, 700.05, 700.088, 697.1491, 697.305, 50177
34, 702.38, 702.75, 700, 700.12, 39894
35, 704.7, 704.99, 702.12, 702.625, 62463
36, 705.41, 705.96, 704.6365, 704.84, 46664
37, 707.43, 707.76, 705.2, 705.47, 44545
38, 707.61, 708, 706.23, 707.4532, 73650
39, 705.84, 707.56, 704.63, 707.56, 337503
144, 707, 708.26, 707, 708.26, 27551
145, 713.21, 714.17, 707.66, 707.76, 124913
146, 712.4, 713.14, 711.5926, 713.06, 59429
147, 709.84, 712.37, 709, 712.05, 72157
148, 709.62, 710.7988, 709.26, 709.86, 62297
149, 710.2399, 710.2399, 708.95, 709.59, 45521
150, 709.05, 710.4599, 708.61, 710.24, 13558
151, 707.685, 708.916, 707.5, 708.916, 30379
152, 707.36, 708.31, 706.691, 707.57, 64216
153, 707.33, 707.97, 706.15, 707.5, 37461
154, 706.78, 707.61, 706.6, 707.16, 15689
155, 707.89, 708.18, 706.84, 706.95, 19082
156, 708, 709.398, 707.76, 707.99, 28919
157, 708.52, 708.81, 707.96, 708, 20403
158, 706.89, 708.53, 706.77, 708.53, 26040
159, 707.0275, 707.39, 706.88, 706.89, 11241
160, 705.73, 707.22, 705.38, 707.12, 29498
161, 703.17, 705.85, 703.14, 705.66, 39818
162, 702.6, 703.1, 702.27, 702.94, 41888
163, 701.51, 702.65, 701.51, 702.31, 34357
164, 700.31, 701.88, 700.01, 701.65, 46015
165, 701.18, 701.6699, 699.81, 700.31, 42847
166, 698.88, 701.24, 698.85, 701.115, 42475
167, 698.75, 699, 697.5584, 698.925, 32494
168, 699.52, 699.92, 698.07, 698.71, 44523
169, 698.98, 699.75, 698.825, 699.52, 24355
170, 699.36, 699.51, 698.3, 699.04, 23377
171, 698.25, 700.1792, 698.25, 699.2841, 36394
172, 698.25, 699.22, 698, 698.4834, 43082
173, 697.64, 698.1, 697.5, 698.03, 35719
174, 697.26, 697.71, 697, 697.62, 60910
175, 697.58, 697.92, 697, 697.265, 56440
176, 696.57, 697.59, 696.13, 697.33, 32540
177, 696.5, 696.9, 695.833, 696.41, 38334
178, 695.66, 696.74, 695.56, 696.465, 31815
179, 694.4165, 695.76, 693.5, 695.74, 45347
180, 690.01, 694.79, 690, 694.39, 168474
181, 691.73, 692.9426, 690.095, 690.12, 93814
182, 691.495, 692.85, 691.42, 691.897, 94461
183, 691.02, 691.83, 689.55, 691.58, 250061
288, 690.7, 690.89, 690.25, 690.7, 66866
289, 697, 697.62, 690.445, 690.48, 183094
290, 692.3, 697.48, 692.16, 697.31, 77837
291, 692.25, 693.62, 691.01, 692.16, 58393
292, 694.565, 695.69, 691.71, 692.18, 42444
293, 693.46, 696.4973, 693.05, 694.3641, 57968
294, 692.8, 693.82, 691, 693.47, 51239
295, 694.58, 695.38, 692.18, 693.2, 58149
296, 692.34, 694.86, 692.21, 694.8356, 37800
297, 692.34, 692.85, 691.5, 692.51, 28606
298, 693.52, 693.52, 691, 692.07, 40995
299, 692.68, 694.55, 692.12, 693.61, 29318
300, 691.6, 692.85, 691.36, 692.63, 23808
301, 691, 692.04, 691, 691.9, 21820
302, 690.082, 691.31, 689, 691.21, 42339
303, 689.65, 690.58, 689.415, 690.05, 23383
304, 690.63, 691.47, 689.16, 689.81, 22924
305, 691.61, 691.8, 690.15, 690.6, 23492
306, 691.32, 691.73, 690.4, 691.5845, 19852
307, 691.775, 692.4299, 690.75, 691.51, 19161
308, 692.51, 692.86, 691.415, 691.93, 23143
309, 692.8, 693.53, 692.2803, 692.55, 45181
310, 693.14, 693.65, 692.7501, 692.86, 26973
311, 695, 695, 692.93, 693.09, 31341
312, 694.72, 695.43, 694.22, 695.11, 20886
313, 693.86, 694.66, 693.5, 694.4, 19352
314, 692.925, 694.28, 692.77, 693.98, 22734
315, 691.42, 692.92, 691, 692.8, 22831
316, 692.05, 693.2699, 691.36, 691.48, 21072
317, 690.96, 692.07, 690.37, 691.89, 20516
318, 690.69, 691.15, 690.28, 690.8863, 14934
319, 689.7517, 691.19, 689.748, 690.55, 25421
320, 692.09, 692.23, 689.69, 689.76, 38637
321, 690.8699, 692.4, 690.35, 692.09, 22994
322, 692.0225, 692.71, 690.2, 690.785, 19542
323, 692.35, 692.685, 691.1001, 691.8901, 12726
324, 691.43, 693.72, 690.9833, 692.39, 30662
325, 693.07, 693.96, 691.275, 691.4, 33998
326, 693.93, 694.98, 693.09, 693.125, 69977
327, 693.01, 694.53, 692.4528, 694.02, 265469
720, 697.35, 698, 697.23, 697.63, 33013
721, 698.27, 698.28, 694.11, 696.802, 70156
722, 696.58, 699, 694.0025, 698.04, 83055
723, 694.55, 696.67, 694.5, 696.57, 45744
724, 693.14, 695.12, 691.88, 694.43, 41701
725, 694.82, 695.27, 693.15, 693.165, 49056
726, 693.72, 695.8102, 693.38, 694.9999, 27773
727, 692.6855, 694.03, 692.2, 693.6452, 18405
728, 694.25, 694.25, 692.3, 692.513, 13304
729, 692, 694.49, 691, 694.35, 35356
730, 692.38, 692.959, 691.555, 692.15, 16670
731, 693.4934, 694.17, 692.27, 692.64, 15305
732, 694.29, 694.45, 693, 693.78, 12050
733, 693.314, 694.38, 692.6608, 694.26, 23537
734, 692.955, 693.9057, 692.05, 693.697, 26591
735, 692.32, 694.23, 692.18, 693.1099, 18502
736, 693.32, 693.49, 691.6653, 692.32, 9700
737, 692.5428, 693.5, 691.88, 693.1873, 8819
738, 692.65, 693.52, 692.3, 692.4258, 13361
739, 693.4, 693.84, 692.7509, 693.31, 9583
740, 692.59, 693.4802, 692.37, 693.19, 11512
741, 692.645, 693.39, 692.13, 692.7064, 17465
742, 692.24, 693.45, 692.19, 692.89, 20597
743, 693.795, 694.49, 692.43, 692.43, 15060
744, 695.11, 695.79, 693.9005, 694, 21824
745, 695.1224, 696, 694.79, 694.79, 15618
746, 696.18, 696.355, 695.13, 695.37, 19428
747, 696, 696.2, 695.58, 696.09, 15570
748, 695.872, 696.3, 695.5073, 696.073, 16491
749, 695.7953, 696.41, 695.6, 696.13, 13125
750, 695.82, 696.415, 695.46, 696.16, 13612
751, 696.32, 696.32, 695.67, 695.73, 10873
752, 698.63, 698.63, 696.14, 696.14, 32555
753, 698.65, 698.98, 697.755, 698.35, 26377
754, 699.97, 699.98, 698.42, 698.786, 25853
755, 699.82, 700.554, 699.52, 699.99, 39117
756, 700.639, 700.639, 699.8201, 699.8201, 18174
757, 700.3359, 700.64, 700, 700.585, 31061
758, 699.27, 700.38, 699.27, 700.21, 29212
759, 698.21, 699.645, 697.97, 699.39, 165978
864, 696.93, 697.7, 696, 696.87, 22189
865, 695.98, 697.84, 695.01, 696.88, 44563
866, 693.56, 696.915, 693.55, 696.01, 62211
867, 694.885, 695.6499, 692.59, 693.52, 37281
868, 694.4, 695.1, 692.89, 694.8276, 42396
869, 695.82, 696, 694.26, 694.53, 33533
870, 697.3, 697.3, 695.342, 695.82, 40260
871, 696.215, 697.05, 695.7848, 697.05, 18702
872, 696.85, 697, 695.73, 696.22, 19408
873, 696.5, 697.11, 695.74, 696.93, 19726
874, 695.9, 696.5, 694.69, 696.1, 11797
875, 695.34, 696.87, 695.16, 695.64, 16587
876, 694.93, 695.64, 694.42, 695.29, 18541
877, 694.79, 695.13, 693.3, 694.51, 29876
878, 694.98, 695.78, 694.18, 694.79, 19705
879, 693.82, 695.1, 693.41, 694.88, 25039
880, 693.4, 694.2599, 693.15, 693.59, 15042
881, 693.369, 693.66, 692.59, 693.36, 22478
882, 693.29, 693.9199, 692.4, 692.95, 12503
883, 694.36, 694.82, 692.75, 693.34, 24863
884, 694.19, 694.79, 693.65, 694.5, 17229
885, 695.07, 695.75, 694.12, 694.12, 14981
886, 696, 696, 694.86, 695.33, 21318
887, 695.83, 696.5299, 695.54, 696.2364, 10555
888, 695.76, 696.552, 695.29, 695.92, 12978
889, 696.5633, 696.78, 695.55, 696.21, 12910
890, 696.795, 696.85, 695.92, 696.4436, 7993
891, 695.9936, 696.79, 695.84, 696.6485, 15862
892, 696, 696.38, 694.69, 696.21, 13919
893, 694.17, 696.16, 694.02, 695.9541, 11324
894, 694.682, 695.25, 694.02, 694.44, 12827
895, 696.08, 696.2399, 694.5, 694.81, 10411
896, 694.2992, 696.53, 694.01, 695.69, 10383
897, 695.2926, 695.8, 694.09, 694.09, 14161
898, 696.205, 696.42, 695.24, 695.63, 18717
899, 695.625, 696.41, 694.61, 696.41, 15446
900, 695.01, 695.91, 693.96, 695.41, 17617
901, 693.5, 695.3, 693, 694.73, 24529
902, 693.06, 693.7, 692, 693.7, 62179
903, 692.36, 693.54, 692, 693.23, 134076
0, 689.01, 690.49, 689.01, 690.49, 31034
1, 691.53, 692.31, 689.0939, 689.26, 87265
2, 690.49, 692.23, 689.1, 691.32, 37996
3, 693.46, 693.85, 689.71, 690.26, 43448
4, 693.5, 695, 692.76, 693.45, 48088
5, 694.77, 694.98, 693.67, 693.71, 34824
6, 694.57, 695.5, 694.34, 694.71, 29705
7, 696.78, 697.46, 694.5426, 694.59, 37613
8, 696.32, 696.94, 695.56, 696.779, 19966
9, 697.97, 697.97, 695.99, 696.66, 39782
10, 698.2, 699.39, 697.14, 697.6, 25684
11, 697.215, 698.56, 696.3356, 698.23, 37553
12, 696.72, 697.54, 695.9, 697.315, 20418
13, 696.99, 697.54, 695.81, 696.2701, 25129
14, 697.54, 697.74, 696.795, 697.1, 13353
15, 697.445, 697.74, 697.04, 697.384, 9946
16, 699.155, 699.3699, 697.68, 698, 34333
17, 699.4189, 699.75, 698.765, 698.765, 17728
18, 697.6, 699.63, 697.471, 699.5, 57311
19, 696.3, 697.8026, 695.4, 697.8026, 25974
20, 696, 696.66, 695.49, 695.75, 9858
21, 696.83, 697.44, 695.815, 696, 17681
22, 696.62, 697.288, 696.27, 696.5, 9486
23, 696.9, 697.12, 695.82, 696, 17151
24, 697, 697.2, 696.334, 696.92, 9951
25, 696.46, 697.35, 696.33, 697.1905, 6557
26, 696.71, 697.2, 696, 696.42, 9392
27, 696.1867, 697.73, 696.05, 696.77, 13187
28, 694.94, 696.29, 694.6998, 696.29, 16812
29, 695.8575, 696.41, 694.45, 694.998, 17492
30, 697.71, 697.96, 695.3401, 696, 16428
31, 698.22, 698.42, 697.27, 697.705, 27054
32, 697.29, 698.58, 696.69, 698.5, 14917
33, 698, 698.1, 697.11, 697.77, 21979
34, 696.71, 698.06, 696.4, 697.86, 16186
35, 696.78, 697.73, 696.3, 696.54, 9457
36, 696.68, 697.79, 696.6646, 696.784, 12445
37, 697.28, 697.4942, 696.39, 696.8053, 15079
38, 697.4, 698.06, 697, 697.01, 18681
39, 695.7, 697.33, 695.55, 697.275, 197611